* Measurement data measured by REW V5.20
* Source: USB-C to 3.5mm Headphone Jack Adapter, USB-C to 3.5mm Headphone Jack Adapter, 0, volume: 0.663. Timing signal peak level -12.1 dBFS, measurement signal peak level -5.9 dBFS
* Format: 256k Log Swept Sine, 1 sweep at -12.0 dBFS using an acoustic timing reference
* Dated: Apr 4, 2021 12:20:04 PM
* REW Settings:
*  C-weighting compensation: Off
*  Target level: 75.0 dB
* Note: ; Delay -0.0202 ms (-6.9 mm, -0.27 in) using estimated IR delay relative to Acoustic reference on USB-C to 3.5mm Headphone Jack Adapter L with no timing offset
* Measurement: Nio (m20)
* Smoothing: 1/12 octave
* Frequency Step: 1/48 octave
* Start Frequency: 20.300 Hz
*
* Freq(Hz)	SPL(dB)	Phase(degrees)
20.299999	110.673363	14.9807
20.600000	110.677322	14.7346
20.900000	110.687431	14.1483
21.200001	110.697235	13.4985
21.400000	110.703079	13.0670
21.799999	110.714790	12.2338
22.000000	110.721481	11.8327
22.400000	110.737457	11.0491
22.700001	110.751282	10.4658
23.000000	110.765320	9.8797
23.299999	110.778046	9.2894
23.600000	110.788292	8.6983
24.000000	110.797386	7.9192
24.299999	110.801468	7.3482
24.700001	110.805130	6.6068
25.000000	110.807755	6.0617
25.400000	110.811867	5.3404
25.799999	110.816193	4.6184
26.200001	110.819649	3.8976
26.500000	110.821320	3.3640
26.900000	110.822762	2.6712
27.200001	110.823952	2.1687
27.600000	110.826622	1.5180
28.000000	110.830528	0.8789
28.500000	110.834930	0.0778
29.000000	110.834457	-0.7297
29.500000	110.826935	-1.5240
30.000000	110.814995	-2.2762
30.400000	110.805939	-2.8412
30.700001	110.801033	-3.2484
31.100000	110.797531	-3.7814
31.500000	110.796188	-4.3168
32.000000	110.793678	-5.0004
32.500000	110.786697	-5.6966
33.000000	110.774895	-6.3937
33.500000	110.761009	-7.0860
34.000000	110.748375	-7.7758
34.500000	110.738541	-8.4662
35.000000	110.730751	-9.1533
35.500000	110.723305	-9.8279
36.000000	110.714676	-10.4826
36.500000	110.704132	-11.1174
37.000000	110.691658	-11.7393
37.500000	110.677589	-12.3554
38.200001	110.656418	-13.2104
38.700001	110.641251	-13.8105
39.500000	110.618240	-14.7441
40.000000	110.604370	-15.3143
40.599998	110.587158	-15.9921
41.200001	110.568634	-16.6666
41.799999	110.548958	-17.3358
42.500000	110.525337	-18.1036
43.099998	110.504753	-18.7467
43.700001	110.483398	-19.3765
44.400002	110.456841	-20.0996
45.000000	110.432930	-20.7159
45.500000	110.412910	-21.2312
46.200001	110.385567	-21.9564
46.799999	110.362930	-22.5739
47.500000	110.337357	-23.2721
48.200001	110.312355	-23.9388
48.700001	110.294098	-24.4023
49.400002	110.266525	-25.0497
50.000000	110.241013	-25.6143
50.799999	110.206375	-26.3883
51.500000	110.176697	-27.0724
52.200001	110.148003	-27.7312
53.000000	110.117546	-28.4409
53.799999	110.086906	-29.1457
54.500000	110.054832	-29.7724
55.200001	110.018517	-30.3741
56.000000	109.979462	-31.0021
57.000000	109.939667	-31.7494
58.000000	109.903076	-32.5769
59.000000	109.859230	-33.5431
60.000000	109.804131	-34.4905
60.799999	109.760178	-35.1157
61.500000	109.725662	-35.5905
62.200001	109.692444	-36.0557
63.000000	109.653763	-36.6137
64.000000	109.606590	-37.3463
65.000000	109.562447	-38.0802
66.000000	109.518845	-38.8004
67.000000	109.473923	-39.5239
68.000000	109.428841	-40.2525
69.000000	109.384293	-40.9712
70.000000	109.338692	-41.6731
71.000000	109.291641	-42.3624
72.000000	109.244423	-43.0420
73.000000	109.197891	-43.7073
74.000000	109.152176	-44.3590
75.000000	109.107193	-45.0087
76.199997	109.053635	-45.7961
77.500000	108.995728	-46.6491
78.800003	108.937691	-47.4878
80.000000	108.883141	-48.2476
81.199997	108.826477	-48.9971
82.500000	108.762772	-49.7978
83.800003	108.699173	-50.5847
85.000000	108.641739	-51.2980
86.199997	108.584290	-51.9968
87.500000	108.521133	-52.7378
88.500000	108.472588	-53.3000
90.000000	108.400833	-54.1343
91.199997	108.344139	-54.7935
92.500000	108.283195	-55.4981
93.800003	108.222733	-56.1920
95.000000	108.167061	-56.8225
96.199997	108.111572	-57.4437
97.500000	108.051941	-58.1064
98.800003	107.992516	-58.7586
100.000000	107.937492	-59.3554
101.500000	107.868683	-60.1017
103.000000	107.800217	-60.8463
104.400002	107.736465	-61.5287
106.000000	107.664024	-62.2846
107.500000	107.597046	-62.9744
109.000000	107.530975	-63.6572
110.599998	107.461227	-64.3851
112.000000	107.400154	-65.0206
113.800003	107.320427	-65.8258
115.000000	107.265839	-66.3502
117.199997	107.160492	-67.2788
118.000000	107.120682	-67.6067
120.599998	107.001740	-68.6659
122.000000	106.949852	-69.2510
124.099998	106.876312	-70.1443
125.000000	106.843506	-70.5243
126.500000	106.786690	-71.1447
128.000000	106.727943	-71.7471
131.500000	106.587921	-73.1027
132.000000	106.567894	-73.2928
134.000000	106.488373	-74.0469
136.000000	106.410286	-74.7909
138.000000	106.333778	-75.5243
140.000000	106.258377	-76.2463
143.000000	106.146469	-77.3092
145.000000	106.072327	-78.0058
147.500000	105.979530	-78.8603
150.000000	105.887474	-79.6973
152.500000	105.797653	-80.5232
155.000000	105.709763	-81.3383
157.500000	105.623062	-82.1401
160.000000	105.537384	-82.9333
162.500000	105.453247	-83.7191
165.000000	105.370758	-84.4914
167.500000	105.289345	-85.2483
170.000000	105.208824	-85.9914
172.500000	105.129532	-86.7218
175.000000	105.051918	-87.4417
177.500000	104.975540	-88.1542
180.000000	104.899323	-88.8611
182.500000	104.822777	-89.5626
185.000000	104.746277	-90.2546
187.500000	104.670914	-90.9340
190.000000	104.598228	-91.6022
192.500000	104.528397	-92.2617
195.000000	104.460083	-92.9118
197.500000	104.392365	-93.5507
200.000000	104.324951	-94.1792
203.000000	104.244530	-94.9248
206.000000	104.165154	-95.6652
209.000000	104.087273	-96.4000
212.000000	104.010941	-97.1254
214.000000	103.960991	-97.6024
218.000000	103.863167	-98.5385
220.000000	103.815147	-98.9966
224.000000	103.720406	-99.8934
227.000000	103.649918	-100.5530
230.000000	103.579590	-101.2021
233.000000	103.509300	-101.8347
236.000000	103.439590	-102.4492
240.000000	103.350250	-103.2717
243.000000	103.287270	-103.9148
247.000000	103.206184	-104.7780
250.000000	103.146042	-105.4057
254.000000	103.066521	-106.2162
258.000000	102.987839	-107.0046
262.000000	102.910446	-107.7751
265.000000	102.854065	-108.3426
269.000000	102.781097	-109.0826
272.000000	102.727249	-109.6226
276.000000	102.656471	-110.3281
280.000000	102.587196	-111.0300
285.000000	102.502235	-111.9084
290.000000	102.418983	-112.7735
295.000000	102.337151	-113.6126
300.000000	102.256477	-114.4349
304.000000	102.193771	-115.0914
307.000000	102.148071	-115.5791
311.000000	102.088608	-116.2161
315.000000	102.030685	-116.8361
320.000000	101.961182	-117.5896
325.000000	101.896149	-118.3293
330.000000	101.835274	-119.0672
335.000000	101.776505	-119.8071
340.000000	101.718353	-120.5477
345.000000	101.661064	-121.2852
350.000000	101.604721	-122.0135
355.000000	101.548683	-122.7311
360.000000	101.492287	-123.4359
365.000000	101.435715	-124.1235
370.000000	101.380226	-124.7942
375.000000	101.326538	-125.4496
382.000000	101.253738	-126.3432
387.000000	101.203384	-126.9628
395.000000	101.125885	-127.9230
400.000000	101.079460	-128.5116
406.000000	101.026184	-129.2119
412.000000	100.975006	-129.9121
418.000000	100.925415	-130.6124
425.000000	100.869881	-131.4269
431.000000	100.823235	-132.1217
437.000000	100.776489	-132.8083
444.000000	100.721703	-133.5916
450.000000	100.675156	-134.2443
455.000000	100.636848	-134.7762
462.000000	100.584000	-135.5087
468.000000	100.539780	-136.1287
475.000000	100.489487	-136.8394
482.000000	100.440086	-137.5268
487.000000	100.405212	-138.0011
494.000000	100.357147	-138.6476
500.000000	100.316917	-139.1899
508.000000	100.264709	-139.9004
515.000000	100.220062	-140.5118
522.000000	100.176117	-141.1143
530.000000	100.126480	-141.7899
538.000000	100.077553	-142.4417
545.000000	100.035461	-142.9853
552.000000	99.994392	-143.5098
560.000000	99.949539	-144.0951
570.000000	99.897209	-144.8064
580.000000	99.848831	-145.4962
590.000000	99.803299	-146.1722
600.000000	99.758972	-146.8358
608.000000	99.723541	-147.3556
615.000000	99.692314	-147.8022
622.000000	99.661041	-148.2407
630.000000	99.625496	-148.7309
640.000000	99.581383	-149.3253
650.000000	99.536812	-149.8954
660.000000	99.491821	-150.4342
670.000000	99.448517	-150.9350
680.000000	99.408974	-151.4009
690.000000	99.373482	-151.8471
700.000000	99.340546	-152.2846
710.000000	99.308754	-152.7122
720.000000	99.277611	-153.1249
730.000000	99.246979	-153.5186
740.000000	99.217079	-153.8906
750.000000	99.188499	-154.2392
762.000000	99.156853	-154.6298
775.000000	99.126282	-155.0219
788.000000	99.099380	-155.3838
800.000000	99.077156	-155.6960
812.000000	99.057053	-155.9851
825.000000	99.038246	-156.2657
838.000000	99.023201	-156.5130
850.000000	99.013046	-156.7193
862.000000	99.006584	-156.9056
875.000000	99.003624	-157.0824
885.000000	99.004440	-157.2019
900.000000	99.011971	-157.3664
912.000000	99.024170	-157.4968
925.000000	99.042953	-157.6326
938.000000	99.066628	-157.7570
950.000000	99.092758	-157.8650
962.000000	99.123367	-157.9700
975.000000	99.161812	-158.0833
988.000000	99.205505	-158.2021
1000.000000	99.250198	-158.3210
1015.000000	99.311325	-158.4846
1030.000000	99.377373	-158.6678
1044.000000	99.443146	-158.8619
1060.000000	99.523308	-159.1169
1075.000000	99.602715	-159.3895
1090.000000	99.684753	-159.6953
1106.000000	99.773712	-160.0612
1120.000000	99.852127	-160.4181
1138.000000	99.953369	-160.9265
1150.000000	100.020988	-161.2947
1172.000000	100.143166	-162.0267
1180.000000	100.186356	-162.3107
1206.000000	100.319847	-163.3022
1220.000000	100.386520	-163.8781
1241.000000	100.478889	-164.7814
1250.000000	100.515526	-165.1787
1265.000000	100.572685	-165.8486
1280.000000	100.624870	-166.5246
1315.000000	100.725731	-168.1212
1320.000000	100.737762	-168.3505
1340.000000	100.780235	-169.2660
1360.000000	100.813560	-170.1732
1380.000000	100.837837	-171.0671
1400.000000	100.853249	-171.9436
1430.000000	100.860451	-173.2037
1450.000000	100.855492	-173.9940
1475.000000	100.839455	-174.9208
1500.000000	100.813988	-175.7765
1525.000000	100.780869	-176.5533
1550.000000	100.741241	-177.2478
1575.000000	100.695961	-177.8549
1600.000000	100.646652	-178.3726
1625.000000	100.595139	-178.8030
1650.000000	100.542900	-179.1470
1675.000000	100.491196	-179.4061
1700.000000	100.441307	-179.5834
1725.000000	100.394447	-179.6790
1750.000000	100.351730	-179.6920
1775.000000	100.314346	-179.6290
1800.000000	100.283623	-179.5007
1825.000000	100.260696	-179.3135
1850.000000	100.246223	-179.0720
1875.000000	100.240761	-178.7837
1900.000000	100.245064	-178.4562
1925.000000	100.259750	-178.0965
1950.000000	100.285210	-177.7149
1975.000000	100.321693	-177.3227
2000.000000	100.369263	-176.9292
2030.000000	100.440506	-176.4687
2060.000000	100.526215	-176.0380
2090.000000	100.624931	-175.6555
2120.000000	100.734810	-175.3377
2140.000000	100.813202	-175.1672
2180.000000	100.979042	-174.9327
2200.000000	101.064873	-174.8701
2240.000000	101.238190	-174.8552
2270.000000	101.366997	-174.9379
2300.000000	101.492996	-175.0948
2330.000000	101.614838	-175.3190
2360.000000	101.731262	-175.6021
2400.000000	101.876221	-176.0574
2430.000000	101.976242	-176.4489
2470.000000	102.097191	-177.0273
2500.000000	102.178162	-177.4959
2540.000000	102.272469	-178.1552
2580.000000	102.350731	-178.8389
2620.000000	102.413101	-179.5287
2650.000000	102.449707	179.9595
2690.000000	102.485176	179.2942
2720.000000	102.502029	178.8143
2760.000000	102.512512	178.2093
2800.000000	102.511024	177.6543
2850.000000	102.495132	177.0455
2900.000000	102.466660	176.5413
2950.000000	102.428940	176.1479
3000.000000	102.385651	175.8669
3040.000000	102.349220	175.7209
3070.000000	102.321632	175.6555
3110.000000	102.285400	175.6247
3150.000000	102.251022	175.6561
3200.000000	102.212875	175.7777
3250.000000	102.182266	175.9822
3300.000000	102.161034	176.2606
3350.000000	102.150940	176.6023
3400.000000	102.153458	176.9934
3450.000000	102.170250	177.4212
3500.000000	102.202972	177.8747
3550.000000	102.253197	178.3417
3600.000000	102.322350	178.8063
3650.000000	102.411636	179.2502
3700.000000	102.522247	179.6542
3750.000000	102.655670	179.9947
3820.000000	102.882118	-179.6993
3870.000000	103.069359	-179.6599
3950.000000	103.398697	-179.9997
4000.000000	103.613968	179.5090
4060.000000	103.871536	178.6239
4120.000000	104.117592	177.4282
4180.000000	104.342392	175.9639
4250.000000	104.570900	174.0018
4310.000000	104.737778	172.1823
4370.000000	104.882416	170.2973
4440.000000	105.032791	168.0605
4500.000000	105.155151	166.1158
4550.000000	105.257851	164.4582
4620.000000	105.408325	162.0267
4680.000000	105.545372	159.7690
4750.000000	105.711113	156.8203
4820.000000	105.870369	153.3974
4870.000000	105.966576	150.5871
4940.000000	106.047600	146.0764
5000.000000	106.034515	141.7007
5080.000000	105.841599	135.4109
5150.000000	105.468742	130.0031
5220.000000	104.897713	125.3503
5300.000000	104.046959	121.6651
5380.000000	103.086716	120.0555
5450.000000	102.256927	120.1956
5520.000000	101.510773	121.4017
5600.000000	100.806145	123.5711
5700.000000	100.147133	126.8017
5800.000000	99.678970	130.1477
5900.000000	99.336723	133.4249
6000.000000	99.075394	136.6085
6080.000000	98.905769	139.1120
6150.000000	98.777893	141.3044
6220.000000	98.665413	143.5423
6300.000000	98.556732	146.2199
6400.000000	98.465179	149.8241
6500.000000	98.451080	153.6943
6600.000000	98.537788	157.6698
6700.000000	98.728867	161.5337
6800.000000	99.012367	165.1053
6900.000000	99.370903	168.2589
7000.000000	99.786285	170.8956
7100.000000	100.237602	172.9206
7200.000000	100.698524	174.2512
7300.000000	101.137131	174.8424
7400.000000	101.518715	174.7248
7500.000000	101.813095	174.0392
7620.000000	102.029625	172.7964
7750.000000	102.098648	171.3794
7880.000000	102.014267	170.2928
8000.000000	101.826630	169.8927
8120.000000	101.575180	170.2740
8250.000000	101.290024	171.6098
8380.000000	101.050110	173.7549
8500.000000	100.904617	176.2212
8620.000000	100.847870	178.9135
8750.000000	100.887032	-178.1859
8850.000000	100.976097	-176.1400
9000.000000	101.158920	-173.5641
9120.000000	101.305473	-171.8958
9250.000000	101.442123	-170.2835
9380.000000	101.562531	-168.6743
9500.000000	101.678772	-167.0969
9620.000000	101.822235	-165.4348
9750.000000	102.030334	-163.6395
9880.000000	102.306412	-162.0360
10000.000000	102.620743	-160.9340
10150.000000	103.072693	-160.3932
10300.000000	103.538666	-161.1700
10440.000000	103.909454	-163.3748
10600.000000	104.142769	-167.6600
10750.000000	104.078445	-172.8813
10900.000000	103.686356	-178.3184
11060.000000	102.911552	176.8057
11200.000000	101.979599	174.0276
11380.000000	100.540749	172.9086
11500.000000	99.497017	173.6504
11720.000000	97.547424	177.6116
11800.000000	96.854416	179.7390
12060.000000	94.750786	-171.4409
12200.000000	93.748276	-165.7756
12410.000000	92.474960	-156.6624
12500.000000	92.024124	-152.7392
12650.000000	91.389557	-146.4378
12800.000000	90.866089	-140.5517
13150.000000	89.904808	-128.2516
13200.000000	89.793427	-126.6456
13400.000000	89.417931	-120.6985
13600.000000	89.149399	-115.7190
13800.000000	88.961823	-111.9516
14000.000000	88.813919	-109.5299
14300.000000	88.575119	-108.3287
14500.000000	88.366127	-108.8491
14750.000000	88.050858	-110.4918
15000.000000	87.719521	-112.8478
15250.000000	87.436623	-115.6323
15500.000000	87.282440	-118.7049
15750.000000	87.332207	-122.1675
16000.000000	87.625870	-126.2476
16250.000000	88.189888	-131.0231
16500.000000	89.124847	-136.3243
16750.000000	90.603592	-142.3572
17000.000000	92.595047	-150.7463
17250.000000	94.738510	-164.2778
17500.000000	96.623894	174.7914
17750.000000	97.951645	145.8346
18000.000000	98.525711	110.2043
18250.000000	98.313530	70.7102
18500.000000	97.530090	28.7920
18750.000000	96.463943	-17.5272
19000.000000	95.102936	-70.1500
19250.000000	93.198067	-126.7950
19500.000000	90.623596	178.2999
19750.000000	87.517517	132.8154
