* Measurement data measured by REW V5.20
* Source: USB-C to 3.5mm Headphone Jack Adapter, USB-C to 3.5mm Headphone Jack Adapter, 0, volume: 0.663. Timing signal peak level -7.3 dBFS, measurement signal peak level -7.2 dBFS
* Format: 256k Log Swept Sine, 1 sweep at -12.0 dBFS using an acoustic timing reference
* Dated: Mar 26, 2021 10:49:37 PM
* REW Settings:
*  C-weighting compensation: Off
*  Target level: 75.0 dB
* Note: Delay -0.0882 ms (-30 mm, -1.19 in) using estimated IR delay relative to Acoustic reference on USB-C to 3.5mm Headphone Jack Adapter L with no timing offset
* Measurement: CCA C10
* Smoothing: 1/12 octave
* Frequency Step: 1/48 octave
* Start Frequency: 20.300 Hz
*
* Freq(Hz)	SPL(dB)	Phase(degrees)
20.299999	103.695770	-130.2608
20.600000	103.713081	-130.5449
20.900000	103.758698	-131.2180
21.200001	103.806595	-131.9510
21.400000	103.837067	-132.4272
21.799999	103.895302	-133.3165
22.000000	103.924088	-133.7274
22.400000	103.982834	-134.4947
22.700001	104.028336	-135.0375
23.000000	104.074265	-135.5660
23.299999	104.119415	-136.0916
23.600000	104.162483	-136.6225
24.000000	104.215080	-137.3455
24.299999	104.250641	-137.8988
24.700001	104.293686	-138.6469
25.000000	104.323776	-139.2117
25.400000	104.362480	-139.9644
25.799999	104.400742	-140.7104
26.200001	104.439102	-141.4427
26.500000	104.467941	-141.9795
26.900000	104.506210	-142.6751
27.200001	104.534538	-143.1810
27.600000	104.571320	-143.8350
28.000000	104.606438	-144.4669
28.500000	104.647118	-145.2285
29.000000	104.683792	-145.9604
29.500000	104.716972	-146.6641
30.000000	104.748421	-147.3438
30.400000	104.773453	-147.8772
30.700001	104.792343	-148.2754
31.100000	104.817307	-148.8073
31.500000	104.841156	-149.3387
32.000000	104.868507	-149.9935
32.500000	104.893356	-150.6298
33.000000	104.916107	-151.2501
33.500000	104.936188	-151.8587
34.000000	104.953583	-152.4478
34.500000	104.971130	-153.0077
35.000000	104.992950	-153.5532
35.500000	105.018555	-154.1204
36.000000	105.040840	-154.7237
36.500000	105.053085	-155.3233
37.000000	105.057610	-155.8561
37.500000	105.064461	-156.3029
38.200001	105.090027	-156.8873
38.700001	105.113792	-157.3547
39.500000	105.140549	-158.1765
40.000000	105.149673	-158.6843
40.599998	105.157921	-159.2784
41.200001	105.162262	-159.8600
41.799999	105.161865	-160.3935
42.500000	105.164124	-160.9262
43.099998	105.174942	-161.3639
43.700001	105.189079	-161.8472
44.400002	105.200500	-162.4444
45.000000	105.208031	-162.9230
45.500000	105.217087	-163.2860
46.200001	105.234009	-163.7695
46.799999	105.246460	-164.1908
47.500000	105.251762	-164.7101
48.200001	105.244690	-165.2686
48.700001	105.232315	-165.6788
49.400002	105.209976	-166.2188
50.000000	105.195496	-166.6232
50.799999	105.195129	-167.1280
51.500000	105.209541	-167.6137
52.200001	105.226089	-168.1355
53.000000	105.239395	-168.6751
53.799999	105.244667	-169.0885
54.500000	105.239525	-169.3857
55.200001	105.224556	-169.6947
56.000000	105.205948	-170.1209
57.000000	105.205818	-170.7233
58.000000	105.237717	-171.1740
59.000000	105.280518	-171.3878
60.000000	105.296150	-171.7202
60.799999	105.270058	-172.2389
61.500000	105.229012	-172.7955
62.200001	105.188148	-173.3411
63.000000	105.152130	-173.8740
64.000000	105.122032	-174.3878
65.000000	105.103592	-174.8209
66.000000	105.092979	-175.2516
67.000000	105.085945	-175.6875
68.000000	105.077011	-176.1281
69.000000	105.064407	-176.5694
70.000000	105.049583	-176.9996
71.000000	105.031929	-177.4108
72.000000	105.010605	-177.8026
73.000000	104.987877	-178.1756
74.000000	104.966278	-178.5342
75.000000	104.946335	-178.8808
76.199997	104.926315	-179.2823
77.500000	104.907822	-179.7087
78.800003	104.885345	179.8644
80.000000	104.858620	179.4532
81.199997	104.830688	179.0163
82.500000	104.803856	178.5023
83.800003	104.779121	177.9733
85.000000	104.757866	177.5390
86.199997	104.739853	177.1847
87.500000	104.721947	176.8547
88.500000	104.705917	176.6110
90.000000	104.674637	176.2405
91.199997	104.644508	175.9292
92.500000	104.611145	175.5704
93.800003	104.580406	175.2020
95.000000	104.554634	174.8723
96.199997	104.529648	174.5575
97.500000	104.501045	174.2286
98.800003	104.470047	173.9082
100.000000	104.440193	173.6189
101.500000	104.402802	173.2691
103.000000	104.366150	172.9350
104.400002	104.332298	172.6363
106.000000	104.294037	172.3052
107.500000	104.259003	171.9970
109.000000	104.224129	171.6872
110.599998	104.186172	171.3583
112.000000	104.152397	171.0756
113.800003	104.110039	170.7100
115.000000	104.084824	170.4525
117.199997	104.049812	169.9169
118.000000	104.040054	169.7065
120.599998	103.990692	169.1693
122.000000	103.943329	169.0355
124.099998	103.865776	168.8776
125.000000	103.835152	168.7896
126.500000	103.788231	168.6154
128.000000	103.745033	168.4226
131.500000	103.652786	167.9689
132.000000	103.640228	167.9055
134.000000	103.590355	167.6550
136.000000	103.539764	167.4105
138.000000	103.487991	167.1735
140.000000	103.435387	166.9450
143.000000	103.355545	166.6173
145.000000	103.302887	166.4064
147.500000	103.238968	166.1500
150.000000	103.176468	165.9106
152.500000	103.113335	165.6884
155.000000	103.048660	165.4764
157.500000	102.982201	165.2722
160.000000	102.914017	165.0758
162.500000	102.847267	164.8916
165.000000	102.785873	164.7209
167.500000	102.726929	164.5649
170.000000	102.665901	164.4214
172.500000	102.602386	164.2852
175.000000	102.537979	164.1561
177.500000	102.473297	164.0361
180.000000	102.408638	163.9254
182.500000	102.345093	163.8231
185.000000	102.283012	163.7291
187.500000	102.221779	163.6452
190.000000	102.160400	163.5743
192.500000	102.098274	163.5180
195.000000	102.035789	163.4771
197.500000	101.974556	163.4536
200.000000	101.915634	163.4474
203.000000	101.848434	163.4527
206.000000	101.785004	163.4600
209.000000	101.723877	163.4596
212.000000	101.663628	163.4467
214.000000	101.623398	163.4324
218.000000	101.541290	163.3991
220.000000	101.499039	163.3826
224.000000	101.412827	163.3528
227.000000	101.347633	163.3339
230.000000	101.282181	163.3116
233.000000	101.216095	163.2726
236.000000	101.149399	163.2165
240.000000	101.061485	163.1950
243.000000	100.997612	163.2787
247.000000	100.914307	163.4517
250.000000	100.852264	163.5670
254.000000	100.769882	163.6972
258.000000	100.688202	163.8193
262.000000	100.607483	163.9420
265.000000	100.547729	164.0379
269.000000	100.468971	164.1741
272.000000	100.410233	164.2831
276.000000	100.331940	164.4359
280.000000	100.253723	164.5941
285.000000	100.156815	164.7996
290.000000	100.060364	165.0167
295.000000	99.963409	165.2513
300.000000	99.868240	165.5273
304.000000	99.796654	165.8004
307.000000	99.746208	166.0264
311.000000	99.682922	166.3305
315.000000	99.623787	166.6156
320.000000	99.553741	166.9288
325.000000	99.484062	167.2070
330.000000	99.411957	167.4779
335.000000	99.337440	167.7576
340.000000	99.262230	168.0522
345.000000	99.187988	168.3637
350.000000	99.115082	168.6904
355.000000	99.042740	169.0264
360.000000	98.970192	169.3615
365.000000	98.897415	169.6902
370.000000	98.825317	170.0234
375.000000	98.754684	170.3735
382.000000	98.658485	170.8933
387.000000	98.591682	171.2783
395.000000	98.489044	171.9084
400.000000	98.427887	172.3068
406.000000	98.357666	172.7865
412.000000	98.290573	173.2683
418.000000	98.224602	173.7516
425.000000	98.145203	174.3137
431.000000	98.075836	174.7933
437.000000	98.007637	175.2759
444.000000	97.929741	175.8511
450.000000	97.864212	176.3574
455.000000	97.810509	176.7890
462.000000	97.736633	177.4081
468.000000	97.674522	177.9530
475.000000	97.603493	178.6001
482.000000	97.535263	179.2332
487.000000	97.488602	179.6693
494.000000	97.424812	-179.7231
500.000000	97.370827	-179.1907
508.000000	97.300491	-178.4633
515.000000	97.240791	-177.8144
522.000000	97.182556	-177.1542
530.000000	97.117271	-176.3852
538.000000	97.053947	-175.6095
545.000000	97.001259	-174.9376
552.000000	96.950821	-174.2716
560.000000	96.894928	-173.5054
570.000000	96.827156	-172.5308
580.000000	96.761032	-171.5404
590.000000	96.696503	-170.5413
600.000000	96.635071	-169.5436
608.000000	96.589027	-168.7497
615.000000	96.550461	-168.0527
622.000000	96.513191	-167.3497
630.000000	96.472038	-166.5388
640.000000	96.422203	-165.5162
650.000000	96.373962	-164.4848
660.000000	96.327881	-163.4507
670.000000	96.284386	-162.4180
680.000000	96.243317	-161.3800
690.000000	96.204201	-160.3292
700.000000	96.166664	-159.2627
710.000000	96.130280	-158.1795
720.000000	96.095039	-157.0836
730.000000	96.061966	-155.9714
740.000000	96.033508	-154.8236
750.000000	96.013718	-153.6337
762.000000	96.006859	-152.1970
775.000000	96.015976	-150.7347
788.000000	96.024071	-149.3970
800.000000	96.022186	-148.1936
812.000000	96.015121	-146.9593
825.000000	96.008331	-145.5762
838.000000	96.005249	-144.1597
850.000000	96.005188	-142.8392
862.000000	96.008827	-141.5061
875.000000	96.018661	-140.0395
885.000000	96.030373	-138.8992
900.000000	96.053551	-137.1988
912.000000	96.075745	-135.8676
925.000000	96.102997	-134.4359
938.000000	96.133354	-132.9930
950.000000	96.163651	-131.6477
962.000000	96.196091	-130.2846
975.000000	96.233551	-128.7793
988.000000	96.273033	-127.2413
1000.000000	96.311272	-125.7860
1015.000000	96.362144	-123.9019
1030.000000	96.418854	-121.9210
1044.000000	96.482964	-119.9483
1060.000000	96.582741	-117.5100
1075.000000	96.720322	-115.0620
1090.000000	96.919220	-112.5499
1106.000000	97.209106	-109.9874
1120.000000	97.519249	-108.0323
1138.000000	97.955933	-106.1181
1150.000000	98.244049	-105.2413
1172.000000	98.719002	-104.2842
1180.000000	98.869720	-104.0710
1206.000000	99.287308	-103.5565
1220.000000	99.478584	-103.2882
1241.000000	99.739693	-102.8197
1250.000000	99.845345	-102.5930
1265.000000	100.015839	-102.1902
1280.000000	100.181831	-101.7679
1315.000000	100.565002	-100.7547
1320.000000	100.619949	-100.6112
1340.000000	100.840508	-100.0521
1360.000000	101.061646	-99.5264
1380.000000	101.282272	-99.0402
1400.000000	101.501488	-98.5968
1430.000000	101.826721	-98.0149
1450.000000	102.041245	-97.6836
1475.000000	102.306488	-97.3335
1500.000000	102.567551	-97.0542
1525.000000	102.824402	-96.8450
1550.000000	103.076912	-96.7027
1575.000000	103.325027	-96.6236
1600.000000	103.568817	-96.6106
1625.000000	103.808212	-96.6686
1650.000000	104.043129	-96.8002
1675.000000	104.273094	-97.0091
1700.000000	104.497353	-97.2975
1725.000000	104.714828	-97.6677
1750.000000	104.924187	-98.1234
1775.000000	105.124130	-98.6671
1800.000000	105.313194	-99.2982
1825.000000	105.489761	-100.0146
1850.000000	105.652237	-100.8135
1875.000000	105.798912	-101.6888
1900.000000	105.928001	-102.6319
1925.000000	106.037888	-103.6316
1950.000000	106.127266	-104.6743
1975.000000	106.195084	-105.7444
2000.000000	106.240829	-106.8248
2030.000000	106.266289	-108.1103
2060.000000	106.259834	-109.3546
2090.000000	106.222931	-110.5262
2120.000000	106.158195	-111.5972
2140.000000	106.101242	-112.2428
2180.000000	105.959557	-113.3435
2200.000000	105.877304	-113.7944
2240.000000	105.695068	-114.5003
2270.000000	105.545471	-114.8584
2300.000000	105.386856	-115.0653
2330.000000	105.221703	-115.1184
2360.000000	105.052940	-115.0182
2400.000000	104.827606	-114.6478
2430.000000	104.662216	-114.1987
2470.000000	104.451408	-113.3897
2500.000000	104.303375	-112.6388
2540.000000	104.123001	-111.4661
2580.000000	103.965729	-110.1252
2620.000000	103.834892	-108.6454
2650.000000	103.755714	-107.4607
2690.000000	103.677597	-105.8089
2720.000000	103.641190	-104.5382
2760.000000	103.624352	-102.8389
2800.000000	103.645142	-101.1874
2850.000000	103.722115	-99.2973
2900.000000	103.844711	-97.7368
2950.000000	103.991066	-96.6362
3000.000000	104.129044	-96.0733
3040.000000	104.207069	-95.9954
3070.000000	104.234055	-96.1056
3110.000000	104.216766	-96.3707
3150.000000	104.133316	-96.6200
3200.000000	103.941666	-96.6627
3250.000000	103.674515	-96.1806
3300.000000	103.362259	-95.0319
3350.000000	103.038658	-93.1584
3400.000000	102.742081	-90.5774
3450.000000	102.512634	-87.4085
3500.000000	102.380356	-83.8736
3550.000000	102.354630	-80.2294
3600.000000	102.425438	-76.6834
3650.000000	102.573448	-73.3581
3700.000000	102.779915	-70.3051
3750.000000	103.030991	-67.5359
3820.000000	103.441071	-64.1326
3870.000000	103.768524	-62.0456
3950.000000	104.340126	-59.3452
4000.000000	104.719505	-58.0895
4060.000000	105.187370	-57.0597
4120.000000	105.657417	-56.5912
4180.000000	106.114197	-56.7301
4250.000000	106.602165	-57.7092
4310.000000	106.951889	-59.2383
4370.000000	107.211159	-61.3060
4440.000000	107.375557	-64.1604
4500.000000	107.390686	-66.7343
4550.000000	107.317352	-68.8061
4620.000000	107.095741	-71.3944
4680.000000	106.809280	-73.1850
4750.000000	106.379669	-74.6340
4820.000000	105.865288	-75.2355
4870.000000	105.460327	-75.0357
4940.000000	104.878464	-73.7330
5000.000000	104.423615	-71.6640
5080.000000	104.001938	-68.0151
5150.000000	103.859375	-64.9188
5220.000000	103.845558	-62.7075
5300.000000	103.818314	-61.2535
5380.000000	103.701820	-60.2355
5450.000000	103.545586	-59.3701
5520.000000	103.339569	-58.4892
5600.000000	103.028381	-57.1881
5700.000000	102.577797	-54.6825
5800.000000	102.151566	-51.2592
5900.000000	101.800629	-47.2482
6000.000000	101.534203	-42.9132
6080.000000	101.377243	-39.3193
6150.000000	101.275375	-36.1132
6220.000000	101.203156	-32.8359
6300.000000	101.162300	-28.9536
6400.000000	101.205307	-23.9368
6500.000000	101.364723	-19.0812
6600.000000	101.600227	-14.5887
6700.000000	101.892654	-10.3614
6800.000000	102.252808	-6.3298
6900.000000	102.696281	-2.5277
7000.000000	103.235680	0.9433
7100.000000	103.878647	3.9277
7200.000000	104.623993	6.2150
7300.000000	105.456612	7.5417
7400.000000	106.342056	7.5955
7500.000000	107.222336	6.0374
7620.000000	108.156181	1.6489
7750.000000	108.836578	-6.2214
7880.000000	108.999084	-16.2320
8000.000000	108.625572	-25.4454
8120.000000	107.803329	-32.8062
8250.000000	106.565407	-37.6529
8380.000000	105.166122	-39.3441
8500.000000	103.877220	-38.7130
8620.000000	102.675735	-36.5741
8750.000000	101.519119	-33.0669
8850.000000	100.745300	-29.7807
9000.000000	99.781128	-24.2633
9120.000000	99.175591	-19.6191
9250.000000	98.669060	-14.5990
9380.000000	98.292511	-9.7399
9500.000000	98.037857	-5.4593
9620.000000	97.857590	-1.3972
9750.000000	97.738266	2.7324
9880.000000	97.694748	6.5271
10000.000000	97.718872	9.6547
10150.000000	97.824776	12.9097
10300.000000	97.989388	15.2526
10440.000000	98.159317	16.4751
10600.000000	98.317657	16.6679
10750.000000	98.377258	15.7757
10900.000000	98.306885	14.1076
11060.000000	98.060036	11.9127
11200.000000	97.695053	10.0567
11380.000000	97.049156	8.3100
11500.000000	96.541107	7.7475
11720.000000	95.551292	8.0248
11800.000000	95.195412	8.4947
12060.000000	94.138618	11.1508
12200.000000	93.689583	13.1318
12410.000000	93.280533	16.1471
12500.000000	93.213768	17.1706
12650.000000	93.222839	18.1397
12800.000000	93.323792	17.9254
13150.000000	93.533279	12.5180
13200.000000	93.531128	11.2483
13400.000000	93.385002	5.3103
13600.000000	92.978790	-1.2688
13800.000000	92.310799	-7.3732
14000.000000	91.463486	-12.1676
14300.000000	90.199249	-17.0213
14500.000000	89.550522	-19.9021
14750.000000	88.959686	-24.4713
15000.000000	88.479347	-30.7114
15250.000000	87.921082	-38.4564
15500.000000	87.199730	-46.5799
15750.000000	86.389389	-54.3016
16000.000000	85.649750	-61.2197
16250.000000	85.331406	-67.3619
16500.000000	85.876640	-75.2144
16750.000000	87.053596	-90.0706
17000.000000	88.187363	-115.5253
17250.000000	88.719666	-152.3461
17500.000000	88.215179	162.7144
17750.000000	86.562721	116.0632
18000.000000	83.958580	71.3825
18250.000000	80.710777	27.9032
18500.000000	77.117111	-16.3707
18750.000000	73.439369	-62.2305
19000.000000	69.896469	-109.1430
19250.000000	66.646645	-155.7175
19500.000000	63.774643	160.5432
19750.000000	61.362873	124.3616
