* Measurement data measured by REW V5.20
* Source: USB-C to 3.5mm Headphone Jack Adapter, USB-C to 3.5mm Headphone Jack Adapter, 0, volume: 0.663. Timing signal peak level -14.4 dBFS, measurement signal peak level -8.6 dBFS
* Format: 256k Log Swept Sine, 1 sweep at -12.0 dBFS using an acoustic timing reference
* Dated: Mar 26, 2021 10:55:22 PM
* REW Settings:
*  C-weighting compensation: Off
*  Target level: 75.0 dB
* Note: Delay -0.0431 ms (-15 mm, -0.58 in) using estimated IR delay relative to Acoustic reference on USB-C to 3.5mm Headphone Jack Adapter L with no timing offset
* Measurement: Co-Donguri Shizuku
* Smoothing: 1/12 octave
* Frequency Step: 1/48 octave
* Start Frequency: 20.300 Hz
*
* Freq(Hz)	SPL(dB)	Phase(degrees)
20.299999	100.383545	-163.9083
20.600000	100.384598	-164.0340
20.900000	100.387878	-164.3420
21.200001	100.392998	-164.7102
21.400000	100.397537	-164.9738
21.799999	100.409241	-165.5145
22.000000	100.416191	-165.7800
22.400000	100.431549	-166.2842
22.700001	100.443306	-166.6295
23.000000	100.454079	-166.9468
23.299999	100.462784	-167.2414
23.600000	100.468803	-167.5198
24.000000	100.473312	-167.8784
24.299999	100.475983	-168.1489
24.700001	100.482178	-168.5322
25.000000	100.490303	-168.8528
25.400000	100.504974	-169.3386
25.799999	100.519547	-169.8810
26.200001	100.528580	-170.4361
26.500000	100.530174	-170.8242
26.900000	100.526810	-171.2657
27.200001	100.522263	-171.5311
27.600000	100.516197	-171.8146
28.000000	100.510460	-172.0526
28.500000	100.500542	-172.3347
29.000000	100.485382	-172.6149
29.500000	100.469940	-172.8863
30.000000	100.464096	-173.1687
30.400000	100.469284	-173.4343
30.700001	100.477386	-173.6706
31.100000	100.489365	-174.0346
31.500000	100.497261	-174.4309
32.000000	100.496727	-174.9089
32.500000	100.486679	-175.3067
33.000000	100.475418	-175.6106
33.500000	100.470589	-175.8623
34.000000	100.474533	-176.1261
34.500000	100.484848	-176.4413
35.000000	100.497871	-176.8080
35.500000	100.511230	-177.2049
36.000000	100.522675	-177.6087
36.500000	100.528946	-177.9981
37.000000	100.527420	-178.3499
37.500000	100.518944	-178.6481
38.200001	100.503975	-179.0036
38.700001	100.495781	-179.2686
39.500000	100.484009	-179.7859
40.000000	100.473549	179.8579
40.599998	100.458488	179.4536
41.200001	100.444550	179.0906
41.799999	100.432892	178.7454
42.500000	100.419090	178.3370
43.099998	100.405144	177.9928
43.700001	100.390152	177.6759
44.400002	100.372528	177.3441
45.000000	100.356750	177.0726
45.500000	100.343193	176.8373
46.200001	100.325623	176.4751
46.799999	100.313217	176.1360
47.500000	100.299957	175.7438
48.200001	100.283981	175.4038
48.700001	100.270157	175.1995
49.400002	100.250061	174.9329
50.000000	100.235550	174.6841
50.799999	100.222435	174.3051
51.500000	100.213486	173.9616
52.200001	100.202171	173.6424
53.000000	100.187637	173.3003
53.799999	100.179031	172.9356
54.500000	100.176010	172.6002
55.200001	100.169914	172.3077
56.000000	100.155922	172.0508
57.000000	100.145721	171.6888
58.000000	100.185471	171.1651
59.000000	100.281410	170.5680
60.000000	100.327713	170.0538
60.799999	100.269821	169.8690
61.500000	100.175491	169.8504
62.200001	100.082848	169.8148
63.000000	100.006912	169.6437
64.000000	99.954346	169.3123
65.000000	99.920769	168.9713
66.000000	99.886101	168.6317
67.000000	99.852371	168.2974
68.000000	99.823738	167.9884
69.000000	99.797348	167.6985
70.000000	99.770576	167.4039
71.000000	99.743217	167.1021
72.000000	99.714394	166.8029
73.000000	99.683273	166.5133
74.000000	99.651505	166.2384
75.000000	99.621674	165.9794
76.199997	99.590027	165.6809
77.500000	99.559296	165.3618
78.800003	99.526558	165.0389
80.000000	99.488564	164.7228
81.199997	99.445457	164.3925
82.500000	99.401497	164.0349
83.800003	99.361374	163.6964
85.000000	99.324310	163.4060
86.199997	99.286324	163.1304
87.500000	99.244392	162.8529
88.500000	99.211800	162.6606
90.000000	99.162872	162.3870
91.199997	99.123550	162.1543
92.500000	99.080856	161.8863
93.800003	99.038628	161.6202
95.000000	99.000160	161.3845
96.199997	98.962349	161.1564
97.500000	98.922020	160.9174
98.800003	98.881622	160.6921
100.000000	98.844322	160.4969
101.500000	98.797844	160.2569
103.000000	98.749832	160.0098
104.400002	98.703865	159.7766
106.000000	98.652878	159.5125
107.500000	98.607361	159.2671
109.000000	98.563324	159.0316
110.599998	98.516335	158.7976
112.000000	98.473816	158.5972
113.800003	98.412445	158.3248
115.000000	98.361794	158.1299
117.199997	98.234665	157.7619
118.000000	98.179092	157.6314
120.599998	98.050652	157.2651
122.000000	98.043640	157.1034
124.099998	98.045242	156.8599
125.000000	98.034897	156.7477
126.500000	98.003403	156.5572
128.000000	97.960846	156.3771
131.500000	97.844742	155.9987
132.000000	97.827560	155.9454
134.000000	97.759201	155.7341
136.000000	97.691147	155.5352
138.000000	97.622643	155.3532
140.000000	97.553459	155.1847
143.000000	97.448112	154.9466
145.000000	97.375725	154.7970
147.500000	97.284279	154.6230
150.000000	97.193832	154.4709
152.500000	97.102455	154.3476
155.000000	97.009071	154.2457
157.500000	96.914009	154.1577
160.000000	96.818375	154.0889
162.500000	96.719437	154.0562
165.000000	96.613976	154.0834
167.500000	96.505615	154.1822
170.000000	96.398148	154.3578
172.500000	96.292709	154.6278
175.000000	96.193123	155.0200
177.500000	96.106651	155.5607
180.000000	96.042656	156.2533
182.500000	96.013466	157.0514
185.000000	96.032234	157.8457
187.500000	96.102051	158.4808
190.000000	96.208267	158.7993
192.500000	96.322632	158.7090
195.000000	96.415878	158.2362
197.500000	96.469612	157.5110
200.000000	96.479507	156.6951
203.000000	96.442810	155.7693
206.000000	96.370705	154.9980
209.000000	96.278908	154.3943
212.000000	96.178322	153.9340
214.000000	96.109917	153.6925
218.000000	95.973686	153.3296
220.000000	95.906349	153.1926
224.000000	95.775421	152.9824
227.000000	95.683632	152.8724
230.000000	95.600952	152.8002
233.000000	95.530594	152.7657
236.000000	95.471703	152.7650
240.000000	95.383934	152.7840
243.000000	95.288452	152.7857
247.000000	95.143707	152.7795
250.000000	95.045059	152.7889
254.000000	94.930542	152.8334
258.000000	94.827003	152.9140
262.000000	94.728561	153.0139
265.000000	94.656296	153.0894
269.000000	94.561096	153.1875
272.000000	94.490799	153.2639
276.000000	94.398575	153.3754
280.000000	94.307838	153.4992
285.000000	94.196350	153.6627
290.000000	94.087112	153.8046
295.000000	93.980446	153.9106
300.000000	93.876457	154.0735
304.000000	93.795006	154.3222
307.000000	93.735207	154.5470
311.000000	93.657532	154.8359
315.000000	93.581947	155.0899
320.000000	93.489243	155.3657
325.000000	93.397148	155.6177
330.000000	93.305725	155.8646
335.000000	93.215454	156.1118
340.000000	93.126114	156.3653
345.000000	93.038101	156.6349
350.000000	92.952713	156.9259
355.000000	92.870255	157.2363
360.000000	92.787079	157.5556
365.000000	92.699570	157.8714
370.000000	92.611427	158.1847
375.000000	92.527031	158.5031
382.000000	92.415176	158.9658
387.000000	92.337677	159.3083
395.000000	92.215279	159.8618
400.000000	92.140114	160.2065
406.000000	92.050957	160.6168
412.000000	91.962135	161.0237
418.000000	91.875305	161.4437
425.000000	91.779617	161.9849
431.000000	91.700371	162.4738
437.000000	91.621735	162.9570
444.000000	91.532684	163.5173
450.000000	91.459045	164.0013
455.000000	91.398277	164.4042
462.000000	91.314545	164.9540
468.000000	91.245811	165.4001
475.000000	91.168335	165.9051
482.000000	91.089203	166.4660
487.000000	91.030792	166.9209
494.000000	90.950119	167.5788
500.000000	90.884026	168.1236
508.000000	90.799835	168.8233
515.000000	90.728493	169.4243
522.000000	90.658585	170.0204
530.000000	90.579628	170.7011
538.000000	90.501137	171.3993
545.000000	90.434807	172.0402
552.000000	90.371460	172.7000
560.000000	90.302017	173.4528
570.000000	90.219254	174.3760
580.000000	90.138817	175.2904
590.000000	90.056885	176.2070
600.000000	89.976593	177.1441
608.000000	89.919266	177.9246
615.000000	89.873108	178.6175
622.000000	89.828094	179.3069
630.000000	89.777229	-179.9086
640.000000	89.716507	-178.9226
650.000000	89.661102	-177.9313
660.000000	89.609428	-176.9426
670.000000	89.558212	-175.9621
680.000000	89.507927	-174.9885
690.000000	89.460274	-174.0148
700.000000	89.417221	-173.0274
710.000000	89.378830	-172.0245
720.000000	89.341972	-171.0155
730.000000	89.304886	-169.9972
740.000000	89.270332	-168.9663
750.000000	89.240669	-167.9300
762.000000	89.210838	-166.6895
775.000000	89.183899	-165.3462
788.000000	89.162163	-163.9940
800.000000	89.145645	-162.7464
812.000000	89.131332	-161.4948
825.000000	89.118668	-160.1175
838.000000	89.113159	-158.7386
850.000000	89.118935	-157.4920
862.000000	89.131660	-156.2587
875.000000	89.147087	-154.9138
885.000000	89.159607	-153.8731
900.000000	89.186325	-152.3329
912.000000	89.220169	-151.1420
925.000000	89.264847	-149.8766
938.000000	89.312653	-148.6215
950.000000	89.359444	-147.4707
962.000000	89.410255	-146.3224
975.000000	89.470360	-145.0831
988.000000	89.535339	-143.8641
1000.000000	89.599564	-142.7661
1015.000000	89.684303	-141.4301
1030.000000	89.770584	-140.1288
1044.000000	89.852440	-138.9549
1060.000000	89.950195	-137.6765
1075.000000	90.046577	-136.5282
1090.000000	90.148010	-135.3992
1106.000000	90.260780	-134.2123
1120.000000	90.360474	-133.2044
1138.000000	90.487213	-131.9653
1150.000000	90.570892	-131.1768
1172.000000	90.723351	-129.7991
1180.000000	90.778358	-129.3173
1206.000000	90.957352	-127.7797
1220.000000	91.055214	-126.9448
1241.000000	91.203171	-125.6992
1250.000000	91.265823	-125.1777
1265.000000	91.366333	-124.3347
1280.000000	91.461517	-123.5199
1315.000000	91.679520	-121.6454
1320.000000	91.710823	-121.3798
1340.000000	91.835678	-120.3286
1360.000000	91.960457	-119.2842
1380.000000	92.087776	-118.2317
1400.000000	92.219788	-117.1704
1430.000000	92.421585	-115.5747
1450.000000	92.555496	-114.5014
1475.000000	92.723839	-113.1480
1500.000000	92.898140	-111.7924
1525.000000	93.082581	-110.4362
1550.000000	93.276711	-109.0907
1575.000000	93.478073	-107.7524
1600.000000	93.685806	-106.4264
1625.000000	93.900871	-105.1378
1650.000000	94.123451	-103.8913
1675.000000	94.352608	-102.6683
1700.000000	94.588356	-101.4610
1725.000000	94.831970	-100.2742
1750.000000	95.084457	-99.1181
1775.000000	95.346115	-97.9995
1800.000000	95.616737	-96.9174
1825.000000	95.896133	-95.8715
1850.000000	96.185318	-94.8616
1875.000000	96.485313	-93.8872
1900.000000	96.796707	-92.9542
1925.000000	97.120377	-92.0748
1950.000000	97.457214	-91.2597
1975.000000	97.807655	-90.5203
2000.000000	98.172127	-89.8720
2030.000000	98.628540	-89.2339
2060.000000	99.105209	-88.7725
2090.000000	99.600296	-88.5199
2120.000000	100.110893	-88.5134
2140.000000	100.458206	-88.6657
2180.000000	101.161926	-89.4069
2200.000000	101.512947	-90.0223
2240.000000	102.194069	-91.7899
2270.000000	102.667557	-93.5973
2300.000000	103.089516	-95.7855
2330.000000	103.444656	-98.2598
2360.000000	103.725235	-100.8599
2400.000000	103.994057	-104.1821
2430.000000	104.146179	-106.3576
2470.000000	104.346962	-108.7835
2500.000000	104.531128	-110.4264
2540.000000	104.826843	-112.8194
2580.000000	105.128792	-115.8383
2620.000000	105.361847	-119.5621
2650.000000	105.458511	-122.6668
2690.000000	105.467514	-126.9023
2720.000000	105.388741	-129.9458
2760.000000	105.188927	-133.6109
2800.000000	104.908051	-136.6971
2850.000000	104.485352	-139.6742
2900.000000	104.024734	-141.6981
2950.000000	103.561821	-142.8486
3000.000000	103.126389	-143.2397
3040.000000	102.814621	-143.1012
3070.000000	102.608452	-142.7907
3110.000000	102.374496	-142.1781
3150.000000	102.187485	-141.4252
3200.000000	102.013077	-140.4053
3250.000000	101.891319	-139.3853
3300.000000	101.807396	-138.3987
3350.000000	101.750366	-137.4357
3400.000000	101.715088	-136.4673
3450.000000	101.701065	-135.4671
3500.000000	101.710953	-134.4238
3550.000000	101.748772	-133.3469
3600.000000	101.817749	-132.2628
3650.000000	101.919067	-131.2054
3700.000000	102.051643	-130.2050
3750.000000	102.212997	-129.2842
3820.000000	102.483452	-128.1544
3870.000000	102.707771	-127.4712
3950.000000	103.123001	-126.6249
4000.000000	103.419693	-126.2843
4060.000000	103.814293	-126.1195
4120.000000	104.249924	-126.2819
4180.000000	104.723587	-126.8447
4250.000000	105.316452	-128.1240
4310.000000	105.847244	-129.8731
4370.000000	106.380676	-132.3448
4440.000000	106.971397	-136.2834
4500.000000	107.411919	-140.6379
4550.000000	107.703697	-144.9452
4620.000000	107.955017	-151.8524
4680.000000	107.994247	-158.3020
4750.000000	107.815521	-165.9399
4820.000000	107.401985	-173.1283
4870.000000	106.980301	-177.7121
4940.000000	106.250923	176.8787
5000.000000	105.534538	173.2538
5080.000000	104.509415	169.8228
5150.000000	103.594604	167.9870
5220.000000	102.697388	167.0589
5300.000000	101.720016	166.8939
5380.000000	100.810043	167.4773
5450.000000	100.074699	168.4647
5520.000000	99.397087	169.8012
5600.000000	98.691986	171.6652
5700.000000	97.910011	174.3828
5800.000000	97.231628	177.4208
5900.000000	96.649979	-179.3051
6000.000000	96.160477	-175.8625
6080.000000	95.832291	-173.0297
6150.000000	95.589371	-170.5159
6220.000000	95.386467	-167.9827
6300.000000	95.202690	-165.0784
6400.000000	95.045761	-161.4572
6500.000000	94.972229	-157.8728
6600.000000	94.986206	-154.3675
6700.000000	95.093674	-151.0015
6800.000000	95.300583	-147.8481
6900.000000	95.612480	-144.9981
7000.000000	96.034859	-142.5715
7100.000000	96.570938	-140.7213
7200.000000	97.217117	-139.6448
7300.000000	97.957237	-139.6050
7400.000000	98.754753	-140.9285
7500.000000	99.546951	-143.9637
7620.000000	100.367691	-150.2255
7750.000000	100.914169	-160.1185
7880.000000	100.941971	-171.9793
8000.000000	100.460144	177.2508
8120.000000	99.553391	168.3057
8250.000000	98.243454	161.5232
8380.000000	96.773834	157.6224
8500.000000	95.405121	156.0281
8620.000000	94.099854	155.8264
8750.000000	92.798576	156.7055
8850.000000	91.886993	157.9222
9000.000000	90.658501	160.3499
9120.000000	89.779007	162.6767
9250.000000	88.914795	165.5064
9380.000000	88.137627	168.6103
9500.000000	87.497177	171.6717
9620.000000	86.929665	174.8735
9750.000000	86.393906	178.4484
9880.000000	85.935768	-177.9161
10000.000000	85.577942	-174.5383
10150.000000	85.214249	-170.3193
10300.000000	84.940018	-166.1414
10440.000000	84.763062	-162.3033
10600.000000	84.654648	-158.0124
10750.000000	84.646294	-154.1153
10900.000000	84.732269	-150.3771
11060.000000	84.935249	-146.6002
11200.000000	85.214981	-143.5139
11380.000000	85.730766	-139.9442
11500.000000	86.184029	-137.8891
11720.000000	87.274254	-135.0672
11800.000000	87.760468	-134.4476
12060.000000	89.658417	-134.7051
12200.000000	90.821373	-136.8999
12410.000000	92.539856	-144.1831
12500.000000	93.188377	-149.0683
12650.000000	94.040726	-159.6239
12800.000000	94.510391	-172.5847
13150.000000	93.924156	156.2341
13200.000000	93.675232	152.4846
13400.000000	92.439102	140.2264
13600.000000	91.064163	131.8945
13800.000000	89.835678	126.1966
14000.000000	88.944519	121.8304
14300.000000	88.450180	115.6373
14500.000000	88.740150	110.5481
14750.000000	89.752090	101.4963
15000.000000	91.213142	87.2693
15250.000000	92.605827	65.3805
15500.000000	93.361336	35.2962
15750.000000	93.113770	0.8179
16000.000000	91.866310	-32.1282
16250.000000	89.921402	-60.6986
16500.000000	87.648041	-85.8833
16750.000000	85.290123	-109.6071
17000.000000	82.902275	-132.7511
17250.000000	80.413834	-154.9134
17500.000000	77.745255	-175.0723
17750.000000	74.895737	167.3381
18000.000000	71.979416	151.6512
18250.000000	69.199234	136.0717
18500.000000	66.764442	118.2820
18750.000000	64.783287	96.3105
19000.000000	63.186665	69.0862
19250.000000	61.801510	36.8110
19500.000000	60.482792	1.9000
19750.000000	59.238297	-29.8137
