* Measurement data measured by REW V5.20
* Source: USB-C to 3.5mm Headphone Jack Adapter, USB-C to 3.5mm Headphone Jack Adapter, 0, volume: 0.663. Timing signal peak level -4.5 dBFS, measurement signal peak level -4.4 dBFS
* Format: 256k Log Swept Sine, 1 sweep at -12.0 dBFS using an acoustic timing reference
* Dated: Mar 27, 2021 10:16:08 PM
* REW Settings:
*  C-weighting compensation: Off
*  Target level: 75.0 dB
* Note: ; Delay -0.0972 ms (-33 mm, -1.31 in) using estimated IR delay relative to Acoustic reference on USB-C to 3.5mm Headphone Jack Adapter L with no timing offset
* Measurement: Dunu EST 112 (SpinFit)
* Smoothing: 1/12 octave
* Frequency Step: 1/48 octave
* Start Frequency: 20.300 Hz
*
* Freq(Hz)	SPL(dB)	Phase(degrees)
20.299999	109.587105	-136.0127
20.600000	109.594154	-136.2214
20.900000	109.613480	-136.7179
21.200001	109.636223	-137.2679
21.400000	109.652847	-137.6377
21.799999	109.689941	-138.3810
22.000000	109.710289	-138.7588
22.400000	109.753326	-139.5325
22.700001	109.786072	-140.1234
23.000000	109.818237	-140.7120
23.299999	109.849579	-141.2878
23.600000	109.880348	-141.8436
24.000000	109.921127	-142.5515
24.299999	109.951530	-143.0624
24.700001	109.990952	-143.7271
25.000000	110.018631	-144.2186
25.400000	110.051941	-144.8664
25.799999	110.081108	-145.5020
26.200001	110.107803	-146.1209
26.500000	110.127739	-146.5739
26.900000	110.155830	-147.1676
27.200001	110.178436	-147.6091
27.600000	110.209641	-148.1959
28.000000	110.240120	-148.7772
28.500000	110.273979	-149.4816
29.000000	110.301743	-150.1441
29.500000	110.324684	-150.7648
30.000000	110.345070	-151.3627
30.400000	110.360527	-151.8374
30.700001	110.371902	-152.1940
31.100000	110.387154	-152.6684
31.500000	110.402863	-153.1364
32.000000	110.423271	-153.7059
32.500000	110.443863	-154.2555
33.000000	110.463272	-154.7888
33.500000	110.480576	-155.3137
34.000000	110.495560	-155.8396
34.500000	110.508240	-156.3710
35.000000	110.518768	-156.9003
35.500000	110.527908	-157.4117
36.000000	110.537018	-157.8926
36.500000	110.547211	-158.3444
37.000000	110.558319	-158.7801
37.500000	110.569191	-159.2144
38.200001	110.582123	-159.8316
38.700001	110.589523	-160.2762
39.500000	110.599152	-160.9758
40.000000	110.604126	-161.3954
40.599998	110.609154	-161.8756
41.200001	110.613251	-162.3352
41.799999	110.616486	-162.7829
42.500000	110.619720	-163.2983
43.099998	110.622772	-163.7361
43.700001	110.626419	-164.1703
44.400002	110.630402	-164.6705
45.000000	110.632042	-165.0886
45.500000	110.631569	-165.4250
46.200001	110.628616	-165.8767
46.799999	110.625275	-166.2527
47.500000	110.621918	-166.6888
48.200001	110.620308	-167.1228
48.700001	110.620522	-167.4274
49.400002	110.621773	-167.8405
50.000000	110.621613	-168.1800
50.799999	110.616531	-168.6128
51.500000	110.607697	-168.9778
52.200001	110.597580	-169.3339
53.000000	110.588295	-169.7248
53.799999	110.583359	-170.0914
54.500000	110.581642	-170.4019
55.200001	110.580109	-170.7218
56.000000	110.576599	-171.1069
57.000000	110.568848	-171.5841
58.000000	110.555222	-171.9980
59.000000	110.536987	-172.3417
60.000000	110.525635	-172.7286
60.799999	110.523239	-173.1423
61.500000	110.521561	-173.5489
62.200001	110.517776	-173.9389
63.000000	110.510315	-174.3300
64.000000	110.496262	-174.7529
65.000000	110.479301	-175.1442
66.000000	110.462448	-175.5257
67.000000	110.445473	-175.8937
68.000000	110.427689	-176.2426
69.000000	110.409523	-176.5753
70.000000	110.391762	-176.8959
71.000000	110.374893	-177.2083
72.000000	110.359047	-177.5169
73.000000	110.344055	-177.8235
74.000000	110.329605	-178.1273
75.000000	110.315262	-178.4281
76.199997	110.297516	-178.7870
77.500000	110.277412	-179.1683
78.800003	110.256615	-179.5275
80.000000	110.236481	-179.8364
81.199997	110.215820	179.8536
82.500000	110.191887	179.4934
83.800003	110.164597	179.1292
85.000000	110.138069	178.8126
86.199997	110.112144	178.5140
87.500000	110.085129	178.2038
88.500000	110.064957	177.9703
90.000000	110.035019	177.6291
91.199997	110.010551	177.3681
92.500000	109.982849	177.0960
93.800003	109.954285	176.8289
95.000000	109.927780	176.5849
96.199997	109.901405	176.3455
97.500000	109.872925	176.0930
98.800003	109.844223	175.8478
100.000000	109.817497	175.6281
101.500000	109.783958	175.3621
103.000000	109.750191	175.1063
104.400002	109.718292	174.8762
106.000000	109.681564	174.6222
107.500000	109.647156	174.3920
109.000000	109.612770	174.1693
110.599998	109.575836	173.9408
112.000000	109.543228	173.7493
113.800003	109.500664	173.5191
115.000000	109.471596	173.3809
117.199997	109.416016	173.1758
118.000000	109.395210	173.1140
120.599998	109.331558	172.8651
122.000000	109.301651	172.6728
124.099998	109.257828	172.3796
125.000000	109.238373	172.2681
126.500000	109.204964	172.1017
128.000000	109.170715	171.9536
131.500000	109.089638	171.6493
132.000000	109.078026	171.6092
134.000000	109.031746	171.4557
136.000000	108.985695	171.3114
138.000000	108.939911	171.1763
140.000000	108.894600	171.0500
143.000000	108.827682	170.8687
145.000000	108.783554	170.7505
147.500000	108.728714	170.6098
150.000000	108.673813	170.4806
152.500000	108.618484	170.3624
155.000000	108.562859	170.2550
157.500000	108.507462	170.1598
160.000000	108.452942	170.0762
162.500000	108.399094	170.0017
165.000000	108.345238	169.9348
167.500000	108.291466	169.8777
170.000000	108.238152	169.8303
172.500000	108.185379	169.7917
175.000000	108.132896	169.7632
177.500000	108.080612	169.7459
180.000000	108.028664	169.7363
182.500000	107.977058	169.7300
185.000000	107.925743	169.7271
187.500000	107.874855	169.7277
190.000000	107.824608	169.7341
192.500000	107.774918	169.7492
195.000000	107.725739	169.7736
197.500000	107.677315	169.8054
200.000000	107.629601	169.8427
203.000000	107.573135	169.8940
206.000000	107.517212	169.9519
209.000000	107.461578	170.0154
212.000000	107.406158	170.0865
214.000000	107.369431	170.1387
218.000000	107.296951	170.2515
220.000000	107.261238	170.3112
224.000000	107.190819	170.4379
227.000000	107.138481	170.5405
230.000000	107.085663	170.6492
233.000000	107.031876	170.7617
236.000000	106.977722	170.8768
240.000000	106.908760	171.0413
243.000000	106.861443	171.1795
247.000000	106.800697	171.3781
250.000000	106.754616	171.5331
254.000000	106.692764	171.7462
258.000000	106.631683	171.9672
262.000000	106.571877	172.1948
265.000000	106.527817	172.3680
269.000000	106.470200	172.6017
272.000000	106.428024	172.7799
276.000000	106.372963	173.0217
280.000000	106.318634	173.2657
285.000000	106.251373	173.5722
290.000000	106.184990	173.8809
295.000000	106.119484	174.1912
300.000000	106.055405	174.5173
304.000000	106.005615	174.8003
307.000000	105.969269	175.0208
311.000000	105.922043	175.3165
315.000000	105.875755	175.6099
320.000000	105.818733	175.9718
325.000000	105.762886	176.3313
330.000000	105.708527	176.6982
335.000000	105.655556	177.0770
340.000000	105.603889	177.4614
345.000000	105.553345	177.8465
350.000000	105.503693	178.2323
355.000000	105.454559	178.6187
360.000000	105.406021	179.0063
365.000000	105.358559	179.3981
370.000000	105.312256	179.7975
375.000000	105.267090	-179.7942
382.000000	105.205826	-179.2115
387.000000	105.163673	-178.7915
395.000000	105.099045	-178.1175
400.000000	105.060097	-177.6966
406.000000	105.014465	-177.1918
412.000000	104.969643	-176.6851
418.000000	104.925827	-176.1758
425.000000	104.876495	-175.5811
431.000000	104.835426	-175.0716
437.000000	104.795029	-174.5580
444.000000	104.748787	-173.9507
450.000000	104.710373	-173.4242
455.000000	104.679482	-172.9828
462.000000	104.638000	-172.3626
468.000000	104.603981	-171.8300
475.000000	104.565880	-171.2066
482.000000	104.528740	-170.5770
487.000000	104.502609	-170.1229
494.000000	104.467178	-169.4854
500.000000	104.438141	-168.9386
508.000000	104.401138	-168.2069
515.000000	104.370285	-167.5623
522.000000	104.340988	-166.9146
530.000000	104.309593	-166.1715
538.000000	104.280083	-165.4285
545.000000	104.255318	-164.7802
552.000000	104.231583	-164.1312
560.000000	104.206207	-163.3849
570.000000	104.177292	-162.4463
580.000000	104.151024	-161.5062
590.000000	104.127335	-160.5661
600.000000	104.106476	-159.6230
608.000000	104.091637	-158.8646
615.000000	104.079880	-158.1985
622.000000	104.069336	-157.5319
630.000000	104.058960	-156.7716
640.000000	104.048416	-155.8244
650.000000	104.040192	-154.8781
660.000000	104.034035	-153.9308
670.000000	104.030319	-152.9826
680.000000	104.029449	-152.0329
690.000000	104.031593	-151.0813
700.000000	104.037064	-150.1299
710.000000	104.045891	-149.1823
720.000000	104.057762	-148.2408
730.000000	104.072250	-147.3067
740.000000	104.088829	-146.3805
750.000000	104.107071	-145.4620
762.000000	104.130775	-144.3681
775.000000	104.158905	-143.1898
788.000000	104.190132	-142.0160
800.000000	104.222153	-140.9377
812.000000	104.257507	-139.8658
825.000000	104.299736	-138.7116
838.000000	104.345741	-137.5639
850.000000	104.391113	-136.5100
862.000000	104.439461	-135.4643
875.000000	104.495605	-134.3446
885.000000	104.541489	-133.4929
900.000000	104.614174	-132.2324
912.000000	104.675201	-131.2424
925.000000	104.744392	-130.1871
938.000000	104.816978	-129.1474
950.000000	104.886826	-128.2023
962.000000	104.959122	-127.2720
975.000000	105.039970	-126.2826
988.000000	105.123276	-125.3162
1000.000000	105.202141	-124.4459
1015.000000	105.303276	-123.3862
1030.000000	105.407028	-122.3552
1044.000000	105.505783	-121.4157
1060.000000	105.620972	-120.3668
1075.000000	105.731857	-119.4120
1090.000000	105.845444	-118.4953
1106.000000	105.967300	-117.5655
1120.000000	106.072525	-116.7840
1138.000000	106.206253	-115.8020
1150.000000	106.296005	-115.1554
1172.000000	106.464844	-113.9952
1180.000000	106.527809	-113.5870
1206.000000	106.736191	-112.3419
1220.000000	106.848648	-111.7291
1241.000000	107.014526	-110.8733
1250.000000	107.084030	-110.5256
1265.000000	107.197189	-109.9667
1280.000000	107.306892	-109.4291
1315.000000	107.551666	-108.2274
1320.000000	107.585640	-108.0595
1340.000000	107.719818	-107.3937
1360.000000	107.851898	-106.7364
1380.000000	107.982590	-106.0876
1400.000000	108.112465	-105.4488
1430.000000	108.307007	-104.5098
1450.000000	108.437004	-103.8959
1475.000000	108.600471	-103.1451
1500.000000	108.765602	-102.4181
1525.000000	108.932518	-101.7190
1550.000000	109.101532	-101.0505
1575.000000	109.273048	-100.4162
1600.000000	109.447296	-99.8202
1625.000000	109.624619	-99.2680
1650.000000	109.805183	-98.7675
1675.000000	109.988350	-98.3279
1700.000000	110.173126	-97.9557
1725.000000	110.358742	-97.6550
1750.000000	110.544594	-97.4306
1775.000000	110.729874	-97.2899
1800.000000	110.913025	-97.2402
1825.000000	111.092094	-97.2861
1850.000000	111.265121	-97.4284
1875.000000	111.430313	-97.6659
1900.000000	111.585777	-97.9963
1925.000000	111.729462	-98.4162
1950.000000	111.859169	-98.9199
1975.000000	111.972557	-99.4974
2000.000000	112.067421	-100.1340
2030.000000	112.154190	-100.9452
2060.000000	112.210075	-101.7601
2090.000000	112.237289	-102.5191
2120.000000	112.243454	-103.1706
2140.000000	112.241875	-103.5362
2180.000000	112.241165	-104.1608
2200.000000	112.244934	-104.4756
2240.000000	112.250168	-105.2443
2270.000000	112.234352	-105.9688
2300.000000	112.187286	-106.7644
2330.000000	112.104286	-107.5448
2360.000000	111.987610	-108.2333
2400.000000	111.789948	-108.9254
2430.000000	111.618690	-109.2449
2470.000000	111.371086	-109.3896
2500.000000	111.178253	-109.2885
2540.000000	110.921982	-108.8968
2580.000000	110.676254	-108.2698
2620.000000	110.444778	-107.4896
2650.000000	110.277809	-106.8414
2690.000000	110.057793	-105.8997
2720.000000	109.892349	-105.1178
2760.000000	109.672447	-103.9463
2800.000000	109.458344	-102.6156
2850.000000	109.207726	-100.7449
2900.000000	108.983521	-98.6901
2950.000000	108.790596	-96.5192
3000.000000	108.628304	-94.3139
3040.000000	108.515045	-92.5675
3070.000000	108.435806	-91.2743
3110.000000	108.333458	-89.5615
3150.000000	108.231895	-87.8394
3200.000000	108.104660	-85.6319
3250.000000	107.979660	-83.3209
3300.000000	107.862511	-80.8772
3350.000000	107.760193	-78.2897
3400.000000	107.680618	-75.5651
3450.000000	107.632042	-72.7316
3500.000000	107.621033	-69.8437
3550.000000	107.649506	-66.9731
3600.000000	107.713768	-64.1888
3650.000000	107.806602	-61.5372
3700.000000	107.919991	-59.0386
3750.000000	108.046768	-56.6934
3820.000000	108.235550	-53.6440
3870.000000	108.372818	-51.5956
3950.000000	108.599068	-48.4381
4000.000000	108.753250	-46.5251
4060.000000	108.954773	-44.3430
4120.000000	109.168350	-42.3198
4180.000000	109.389267	-40.4424
4250.000000	109.658455	-38.4104
4310.000000	109.903587	-36.8159
4370.000000	110.163818	-35.3996
4440.000000	110.482605	-34.0399
4500.000000	110.761246	-33.1749
4550.000000	110.990707	-32.6868
4620.000000	111.297256	-32.3704
4680.000000	111.536766	-32.4354
4750.000000	111.777237	-32.8820
4820.000000	111.963394	-33.6865
4870.000000	112.056076	-34.4438
4940.000000	112.120377	-35.6846
5000.000000	112.108757	-36.8254
5080.000000	111.993988	-38.2725
5150.000000	111.806168	-39.2862
5220.000000	111.551361	-39.9120
5300.000000	111.205093	-40.0423
5380.000000	110.833878	-39.5305
5450.000000	110.513435	-38.6146
5520.000000	110.212631	-37.3511
5600.000000	109.902748	-35.5958
5700.000000	109.570099	-33.0920
5800.000000	109.294739	-30.3740
5900.000000	109.071671	-27.5259
6000.000000	108.897766	-24.6095
6080.000000	108.792358	-22.2665
6150.000000	108.723091	-20.2345
6220.000000	108.673218	-18.2378
6300.000000	108.636894	-16.0168
6400.000000	108.616234	-13.3501
6500.000000	108.615120	-10.8067
6600.000000	108.626465	-8.3618
6700.000000	108.646820	-5.9677
6800.000000	108.678421	-3.5657
6900.000000	108.730133	-1.1051
7000.000000	108.817337	1.4337
7100.000000	108.959717	4.0168
7200.000000	109.176514	6.5437
7300.000000	109.480835	8.8492
7400.000000	109.874535	10.7125
7500.000000	110.343048	11.8691
7620.000000	110.952805	11.9301
7750.000000	111.559822	9.9524
7880.000000	111.958069	5.8398
8000.000000	112.024551	0.8063
8120.000000	111.755318	-4.2699
8250.000000	111.121796	-8.4981
8380.000000	110.245567	-10.5769
8500.000000	109.345825	-10.4762
8620.000000	108.465500	-8.6950
8750.000000	107.628159	-5.2997
8850.000000	107.114586	-1.9502
9000.000000	106.622780	3.7477
9120.000000	106.513100	8.4127
9250.000000	106.705444	12.9697
9380.000000	107.205055	16.2600
9500.000000	107.864738	17.3481
9620.000000	108.577057	15.7099
9750.000000	109.185715	10.1835
9880.000000	109.376076	1.2001
10000.000000	109.030846	-8.2984
10150.000000	107.867737	-18.1807
10300.000000	106.056183	-23.1084
10440.000000	104.032196	-22.9515
10600.000000	101.643692	-18.5232
10750.000000	99.588745	-11.8325
10900.000000	97.882133	-3.9707
11060.000000	96.517685	4.5911
11200.000000	95.672501	11.5119
11380.000000	94.884720	19.0947
11500.000000	94.419693	23.4722
11720.000000	93.500702	31.5085
11800.000000	93.150131	34.8180
12060.000000	92.224594	47.3706
12200.000000	92.016693	54.6004
12410.000000	92.145561	64.6319
12500.000000	92.328835	68.3803
12650.000000	92.746864	73.7663
12800.000000	93.261749	78.1075
13150.000000	94.754684	84.7039
13200.000000	95.003662	85.2557
13400.000000	96.086952	86.2661
13600.000000	97.244003	84.7335
13800.000000	98.293327	79.7173
14000.000000	98.979637	70.9904
14300.000000	98.879768	55.2128
14500.000000	98.088715	48.2058
14750.000000	97.086380	46.6852
15000.000000	97.372101	47.8377
15250.000000	98.612701	41.3685
15500.000000	99.290894	23.4315
15750.000000	98.727005	0.7218
16000.000000	96.963898	-17.4531
16250.000000	94.327179	-26.4050
16500.000000	91.309052	-26.8572
16750.000000	88.729416	-22.8321
17000.000000	87.727531	-20.3543
17250.000000	88.331062	-25.8343
17500.000000	89.306297	-42.9293
17750.000000	89.781296	-71.5275
18000.000000	89.381264	-108.2884
18250.000000	88.017921	-148.3638
18500.000000	85.810257	171.3242
18750.000000	82.973473	130.6081
19000.000000	79.724960	87.7073
19250.000000	76.253433	41.7979
19500.000000	72.736488	-4.8367
19750.000000	69.425667	-45.5610
