* Measurement data measured by REW V5.20
* Source: USB-C to 3.5mm Headphone Jack Adapter, USB-C to 3.5mm Headphone Jack Adapter, 0, volume: 0.663. Timing signal peak level -4.8 dBFS, measurement signal peak level -4.8 dBFS
* Format: 256k Log Swept Sine, 1 sweep at -12.0 dBFS using an acoustic timing reference
* Dated: Mar 27, 2021 12:23:54 PM
* REW Settings:
*  C-weighting compensation: Off
*  Target level: 75.0 dB
* Note: Delay -0.0872 ms (-30 mm, -1.18 in) using estimated IR delay relative to Acoustic reference on USB-C to 3.5mm Headphone Jack Adapter L with no timing offset
* Measurement: KBEar KS2
* Smoothing: 1/12 octave
* Frequency Step: 1/48 octave
* Start Frequency: 20.300 Hz
*
* Freq(Hz)	SPL(dB)	Phase(degrees)
20.299999	107.165024	-165.2373
20.600000	107.164780	-165.3918
20.900000	107.164909	-165.7693
21.200001	107.167038	-166.2186
21.400000	107.169151	-166.5419
21.799999	107.171646	-167.2216
22.000000	107.171028	-167.5688
22.400000	107.166115	-168.2639
22.700001	107.160904	-168.7827
23.000000	107.155922	-169.3056
23.299999	107.151825	-169.8394
23.600000	107.148727	-170.3842
24.000000	107.146835	-171.1093
24.299999	107.149185	-171.6340
24.700001	107.161377	-172.2978
25.000000	107.178101	-172.7832
25.400000	107.205933	-173.4497
25.799999	107.227478	-174.1638
26.200001	107.229179	-174.9018
26.500000	107.214310	-175.4328
26.900000	107.179276	-176.0672
27.200001	107.149979	-176.4838
27.600000	107.119865	-177.0075
28.000000	107.105965	-177.5698
28.500000	107.102989	-178.4017
29.000000	107.092155	-179.2961
29.500000	107.058929	179.9625
30.000000	107.012802	179.5700
30.400000	106.982864	179.5114
30.700001	106.972023	179.5518
31.100000	106.975433	179.5984
31.500000	106.992126	179.5059
32.000000	107.009453	179.0949
32.500000	107.000961	178.4284
33.000000	106.964798	177.7250
33.500000	106.920242	177.1469
34.000000	106.887650	176.6812
34.500000	106.866104	176.2035
35.000000	106.835495	175.6342
35.500000	106.781219	175.0161
36.000000	106.712021	174.4360
36.500000	106.651733	173.9035
37.000000	106.615608	173.3422
37.500000	106.597443	172.6995
38.200001	106.569977	171.7976
38.700001	106.541504	171.3207
39.500000	106.508301	170.9101
40.000000	106.505363	170.7077
40.599998	106.507431	170.3518
41.200001	106.498795	169.8813
41.799999	106.476913	169.3830
42.500000	106.445290	168.8123
43.099998	106.417282	168.3077
43.700001	106.387581	167.7942
44.400002	106.354584	167.2370
45.000000	106.331947	166.8189
45.500000	106.315224	166.5111
46.200001	106.287750	166.1404
46.799999	106.256721	165.8654
47.500000	106.212830	165.5331
48.200001	106.162697	165.1140
48.700001	106.124840	164.7510
49.400002	106.074013	164.1839
50.000000	106.034622	163.6795
50.799999	105.980682	163.0669
51.500000	105.924599	162.7011
52.200001	105.867790	162.5374
53.000000	105.819626	162.4209
53.799999	105.784744	162.0944
54.500000	105.747978	161.5954
55.200001	105.703743	161.0348
56.000000	105.657257	160.4613
57.000000	105.604767	159.8822
58.000000	105.525879	159.4129
59.000000	105.412430	159.0181
60.000000	105.312469	158.6343
60.799999	105.271744	158.2628
61.500000	105.257072	157.8912
62.200001	105.245377	157.5258
63.000000	105.223717	157.1490
64.000000	105.181328	156.7013
65.000000	105.127594	156.2536
66.000000	105.071136	155.8465
67.000000	105.015961	155.4837
68.000000	104.961113	155.1350
69.000000	104.905777	154.7894
70.000000	104.849434	154.4453
71.000000	104.792992	154.0970
72.000000	104.739090	153.7466
73.000000	104.686401	153.4141
74.000000	104.629082	153.1193
75.000000	104.564102	152.8553
76.199997	104.480255	152.5425
77.500000	104.390907	152.1869
78.800003	104.308350	151.8206
80.000000	104.238297	151.4819
81.199997	104.171890	151.1467
82.500000	104.099884	150.7863
83.800003	104.026428	150.4367
85.000000	103.958542	150.1280
86.199997	103.890289	149.8332
87.500000	103.815552	149.5329
88.500000	103.757668	149.3181
90.000000	103.670715	149.0132
91.199997	103.601593	148.7704
92.500000	103.527428	148.5094
93.800003	103.453857	148.2622
95.000000	103.386185	148.0470
96.199997	103.318718	147.8387
97.500000	103.246536	147.6171
98.800003	103.175209	147.4016
100.000000	103.109161	147.2125
101.500000	103.026001	146.9866
103.000000	102.943954	146.7643
104.400002	102.869263	146.5632
106.000000	102.784851	146.3610
107.500000	102.706535	146.2261
109.000000	102.632149	146.1352
110.599998	102.559258	146.0347
112.000000	102.498558	145.9265
113.800003	102.418701	145.7641
115.000000	102.360672	145.6297
117.199997	102.234634	145.3193
118.000000	102.183022	145.1971
120.599998	102.035439	144.8475
122.000000	101.983170	144.7056
124.099998	101.912399	144.5320
125.000000	101.877777	144.4635
126.500000	101.813469	144.3484
128.000000	101.744064	144.2319
131.500000	101.579430	143.9836
132.000000	101.555977	143.9518
134.000000	101.461884	143.8335
136.000000	101.367638	143.7278
138.000000	101.274544	143.6343
140.000000	101.182823	143.5517
143.000000	101.047226	143.4391
145.000000	100.958710	143.3712
147.500000	100.849457	143.3008
150.000000	100.741730	143.2381
152.500000	100.636612	143.1761
155.000000	100.533325	143.1290
157.500000	100.430748	143.1054
160.000000	100.329758	143.0917
162.500000	100.230652	143.0805
165.000000	100.130165	143.0802
167.500000	100.029198	143.0915
170.000000	99.930077	143.1126
172.500000	99.832001	143.1472
175.000000	99.732224	143.1959
177.500000	99.629562	143.2408
180.000000	99.528023	143.2656
182.500000	99.433777	143.2917
185.000000	99.347061	143.3534
187.500000	99.263008	143.4572
190.000000	99.178787	143.5742
192.500000	99.092979	143.6767
195.000000	99.005646	143.7658
197.500000	98.918816	143.8616
200.000000	98.832031	143.9787
203.000000	98.727295	144.1409
206.000000	98.624664	144.3113
209.000000	98.525681	144.4921
212.000000	98.430092	144.6915
214.000000	98.368568	144.8347
218.000000	98.251465	145.1350
220.000000	98.195656	145.2857
224.000000	98.089287	145.5746
227.000000	98.014053	145.7733
230.000000	97.942764	145.9517
233.000000	97.876541	146.1087
236.000000	97.814835	146.2519
240.000000	97.725800	146.4465
243.000000	97.642159	146.6077
247.000000	97.519135	146.8314
250.000000	97.429695	147.0006
254.000000	97.316986	147.2322
258.000000	97.209679	147.4696
262.000000	97.105286	147.7052
265.000000	97.027313	147.8788
269.000000	96.922852	148.1168
272.000000	96.844925	148.3114
276.000000	96.743690	148.5971
280.000000	96.646935	148.9060
285.000000	96.529922	149.3230
290.000000	96.414368	149.7725
295.000000	96.302002	150.2410
300.000000	96.190132	150.6914
304.000000	96.098083	151.0149
307.000000	96.028793	151.2516
311.000000	95.937775	151.5819
315.000000	95.848076	151.9330
320.000000	95.737610	152.3908
325.000000	95.629898	152.8592
330.000000	95.524742	153.3404
335.000000	95.421028	153.8397
340.000000	95.318787	154.3576
345.000000	95.218994	154.8955
350.000000	95.123169	155.4552
355.000000	95.033264	156.0378
360.000000	94.950203	156.6365
365.000000	94.873383	157.2404
370.000000	94.802803	157.8336
375.000000	94.739014	158.3937
382.000000	94.656723	159.0964
387.000000	94.596886	159.5425
395.000000	94.491325	160.2014
400.000000	94.419037	160.6049
406.000000	94.328415	161.1011
412.000000	94.236374	161.6200
418.000000	94.143913	162.1656
425.000000	94.034126	162.8429
431.000000	93.939102	163.4548
437.000000	93.845749	164.0882
444.000000	93.740616	164.8499
450.000000	93.654678	165.5198
455.000000	93.586754	166.0884
462.000000	93.496796	166.8936
468.000000	93.423103	167.5837
475.000000	93.340225	168.3801
482.000000	93.262009	169.1636
487.000000	93.209137	169.7152
494.000000	93.136574	170.4755
500.000000	93.073608	171.1196
508.000000	92.988251	171.9753
515.000000	92.913193	172.7261
522.000000	92.838547	173.4802
530.000000	92.754799	174.3456
538.000000	92.671860	175.2190
545.000000	92.596535	175.9969
552.000000	92.518311	176.7884
560.000000	92.428207	177.7056
570.000000	92.315407	178.8769
580.000000	92.202606	-179.9018
590.000000	92.091743	-178.6176
600.000000	91.984871	-177.2802
608.000000	91.904129	-176.1747
615.000000	91.837570	-175.1777
622.000000	91.774750	-174.1495
630.000000	91.707733	-172.9360
640.000000	91.631966	-171.3715
650.000000	91.565788	-169.7703
660.000000	91.511169	-168.1483
670.000000	91.470665	-166.5165
680.000000	91.444244	-164.8701
690.000000	91.431030	-163.2122
700.000000	91.430954	-161.5643
710.000000	91.444092	-159.9467
720.000000	91.470703	-158.3648
730.000000	91.509842	-156.8229
740.000000	91.559082	-155.3394
750.000000	91.616066	-153.9255
762.000000	91.691963	-152.3233
775.000000	91.779785	-150.7038
788.000000	91.868744	-149.1781
800.000000	91.949242	-147.8359
812.000000	92.027519	-146.5578
825.000000	92.109169	-145.2319
838.000000	92.187271	-143.9513
850.000000	92.255997	-142.8033
862.000000	92.321152	-141.6804
875.000000	92.388321	-140.4820
885.000000	92.438751	-139.5657
900.000000	92.515907	-138.1875
912.000000	92.581696	-137.0783
925.000000	92.655769	-135.8729
938.000000	92.731033	-134.6657
950.000000	92.802261	-133.5545
962.000000	92.875854	-132.4532
975.000000	92.958405	-131.2751
988.000000	93.043991	-130.1092
1000.000000	93.125961	-129.0442
1015.000000	93.232773	-127.7370
1030.000000	93.344093	-126.4663
1044.000000	93.451485	-125.3104
1060.000000	93.577759	-124.0178
1075.000000	93.699486	-122.8394
1090.000000	93.824570	-121.7042
1106.000000	93.960670	-120.5402
1120.000000	94.080795	-119.5571
1138.000000	94.236107	-118.3359
1150.000000	94.340523	-117.5450
1172.000000	94.533325	-116.1407
1180.000000	94.603439	-115.6450
1206.000000	94.829666	-114.0995
1220.000000	94.950317	-113.3091
1241.000000	95.130035	-112.1609
1250.000000	95.206230	-111.6798
1265.000000	95.331512	-110.8921
1280.000000	95.454903	-110.1217
1315.000000	95.740509	-108.3798
1320.000000	95.781311	-108.1359
1340.000000	95.944679	-107.1691
1360.000000	96.107941	-106.2179
1380.000000	96.270782	-105.2816
1400.000000	96.433945	-104.3577
1430.000000	96.681641	-103.0041
1450.000000	96.850243	-102.1247
1475.000000	97.065170	-101.0494
1500.000000	97.283691	-100.0013
1525.000000	97.506088	-98.9805
1550.000000	97.733124	-97.9942
1575.000000	97.965202	-97.0515
1600.000000	98.202881	-96.1599
1625.000000	98.446014	-95.3277
1650.000000	98.693985	-94.5621
1675.000000	98.946838	-93.8640
1700.000000	99.204239	-93.2347
1725.000000	99.465820	-92.6821
1750.000000	99.731461	-92.2161
1775.000000	100.000397	-91.8467
1800.000000	100.270981	-91.5821
1825.000000	100.541512	-91.4268
1850.000000	100.810654	-91.3841
1875.000000	101.077156	-91.4591
1900.000000	101.339142	-91.6554
1925.000000	101.594292	-91.9743
1950.000000	101.840317	-92.4165
1975.000000	102.074974	-92.9819
2000.000000	102.295944	-93.6673
2030.000000	102.539711	-94.6382
2060.000000	102.756653	-95.7524
2090.000000	102.943283	-96.9859
2120.000000	103.096550	-98.3108
2140.000000	103.179153	-99.2279
2180.000000	103.296417	-101.0925
2200.000000	103.331322	-102.0187
2240.000000	103.355484	-103.8088
2270.000000	103.335930	-105.0583
2300.000000	103.286972	-106.1949
2330.000000	103.212196	-107.1958
2360.000000	103.115692	-108.0441
2400.000000	102.960503	-108.9170
2430.000000	102.829605	-109.3711
2470.000000	102.643074	-109.7132
2500.000000	102.498650	-109.7805
2540.000000	102.305710	-109.6328
2580.000000	102.117760	-109.2358
2620.000000	101.939568	-108.6159
2650.000000	101.814423	-108.0207
2690.000000	101.660896	-107.0738
2720.000000	101.556946	-106.2625
2760.000000	101.434662	-105.0650
2800.000000	101.332153	-103.7557
2850.000000	101.233154	-101.9970
2900.000000	101.167145	-100.1425
2950.000000	101.134171	-98.2274
3000.000000	101.133896	-96.2824
3040.000000	101.156830	-94.7252
3070.000000	101.187279	-93.5670
3110.000000	101.245087	-92.0482
3150.000000	101.321922	-90.5719
3200.000000	101.443314	-88.8074
3250.000000	101.590790	-87.1585
3300.000000	101.762009	-85.6522
3350.000000	101.954300	-84.3161
3400.000000	102.164307	-83.1773
3450.000000	102.387878	-82.2621
3500.000000	102.619858	-81.5952
3550.000000	102.854240	-81.1994
3600.000000	103.084114	-81.0927
3650.000000	103.301582	-81.2873
3700.000000	103.497787	-81.7864
3750.000000	103.663330	-82.5824
3820.000000	103.825394	-84.1506
3870.000000	103.879288	-85.5355
3950.000000	103.838753	-88.0266
4000.000000	103.727463	-89.6255
4060.000000	103.504601	-91.4347
4120.000000	103.188095	-92.9765
4180.000000	102.787285	-94.1104
4250.000000	102.231522	-94.7707
4310.000000	101.698235	-94.6868
4370.000000	101.131065	-93.9644
4440.000000	100.450378	-92.3051
4500.000000	99.870140	-90.1999
4550.000000	99.400932	-87.9892
4620.000000	98.783203	-84.2544
4680.000000	98.305229	-80.5239
4750.000000	97.825287	-75.6523
4820.000000	97.444794	-70.3471
4870.000000	97.240761	-66.3768
4940.000000	97.054665	-60.6940
5000.000000	96.986458	-55.8215
5080.000000	97.015152	-49.4921
5150.000000	97.134796	-44.2281
5220.000000	97.323853	-39.2898
5300.000000	97.604942	-34.0872
5380.000000	97.936691	-29.3903
5450.000000	98.252724	-25.7308
5520.000000	98.574356	-22.5243
5600.000000	98.919182	-19.4179
5700.000000	99.262260	-16.1959
5800.000000	99.470093	-13.1540
5900.000000	99.581047	-9.5346
6000.000000	99.712715	-4.9232
6080.000000	99.920349	-0.6450
6150.000000	100.209816	3.2562
6220.000000	100.599487	7.0373
6300.000000	101.141861	10.9408
6400.000000	101.904129	14.9302
6500.000000	102.692055	17.8605
6600.000000	103.457291	19.8515
6700.000000	104.176315	21.1223
6800.000000	104.847168	21.9206
6900.000000	105.487640	22.4647
7000.000000	106.130020	22.8771
7100.000000	106.809937	23.1326
7200.000000	107.552063	23.0494
7300.000000	108.358055	22.3239
7400.000000	109.199944	20.5841
7500.000000	110.019287	17.4586
7620.000000	110.855438	11.5449
7750.000000	111.413109	2.7143
7880.000000	111.483566	-7.2675
8000.000000	111.116524	-15.7372
8120.000000	110.442024	-22.2467
8250.000000	109.557053	-26.7873
8380.000000	108.719391	-29.4382
8500.000000	108.110710	-31.3526
8620.000000	107.668053	-33.9331
8750.000000	107.245575	-38.4589
8850.000000	106.814590	-43.2018
9000.000000	105.749908	-50.7507
9120.000000	104.442276	-54.9227
9250.000000	102.625603	-55.6942
9380.000000	100.579971	-52.2920
9500.000000	98.705093	-46.2636
9620.000000	97.035370	-38.5551
9750.000000	95.597397	-29.3824
9880.000000	94.575569	-20.1422
10000.000000	93.951263	-11.9489
10150.000000	93.495789	-2.4165
10300.000000	93.296608	6.2148
10440.000000	93.272408	13.4272
10600.000000	93.382156	20.6685
10750.000000	93.584412	26.4841
10900.000000	93.857605	31.3395
11060.000000	94.200104	35.4136
11200.000000	94.517570	37.9976
11380.000000	94.906670	39.9484
11500.000000	95.127502	40.4263
11720.000000	95.393524	39.8717
11800.000000	95.435364	39.3287
12060.000000	95.359543	37.0196
12200.000000	95.203232	35.7921
12410.000000	94.879936	34.3869
12500.000000	94.731606	33.9897
12650.000000	94.507072	33.5751
12800.000000	94.349068	33.3326
13150.000000	94.388390	31.9743
13200.000000	94.444305	31.5444
13400.000000	94.789597	28.8694
13600.000000	95.304344	24.0483
13800.000000	95.868080	15.9374
14000.000000	96.224388	3.7126
14300.000000	95.773872	-19.7437
14500.000000	94.656197	-34.3415
14750.000000	92.505737	-47.0259
15000.000000	89.894554	-52.5714
15250.000000	87.365585	-52.8011
15500.000000	85.606049	-52.3246
15750.000000	84.764511	-55.0916
16000.000000	84.446716	-61.8221
16250.000000	84.405876	-73.2853
16500.000000	84.356247	-91.1808
16750.000000	83.828339	-115.1535
17000.000000	82.422417	-140.3531
17250.000000	80.043259	-160.2441
17500.000000	76.862236	-171.8672
17750.000000	73.170486	-177.1382
18000.000000	69.354103	178.8616
18250.000000	65.963051	169.5703
18500.000000	63.546150	146.9961
18750.000000	62.164497	98.0717
19000.000000	61.449924	-1.8589
19250.000000	61.074100	173.5045
19500.000000	60.720226	-102.0233
19750.000000	60.037807	-33.1597
