* Measurement data measured by REW V5.19
* Source: USB-C to 3.5mm Headphone Jack Adapter, no input selected, 0, volume: no control. Timing signal peak level -8.2 dBFS, measurement signal peak level -6.9 dBFS
* Format: 256k Log Swept Sine, 1 sweep at -12.0 dBFS  Using an acoustic timing reference
* Dated: Mar 24, 2021 9:56:41 PM
* REW Settings:
*  C-weighting compensation: Off
*  Target level: 75.0 dB
* Note: Delay -0.083±0.011 ms (-28 mm, -1.12 in) using estimated IR delay relative to Acoustic reference on  L
* Measurement: Illum (Final TWS)
* Smoothing: 1/12 octave
* Frequency Step: 1/48 octave
* Start Frequency: 20.300 Hz
*
* Freq(Hz)	SPL(dB)	Phase(degrees)
20.299999	70.942047	-141.9029
20.600000	70.941948	-142.0692
20.900000	70.942390	-142.4521
21.200001	70.946381	-142.8668
21.400000	70.952339	-143.1325
21.799999	70.974243	-143.6278
22.000000	70.990211	-143.8660
22.400000	71.030106	-144.3530
22.700001	71.064102	-144.7469
23.000000	71.099335	-145.1694
23.299999	71.134369	-145.6184
23.600000	71.168098	-146.0903
24.000000	71.208946	-146.7481
24.299999	71.234627	-147.2527
24.700001	71.260056	-147.9155
25.000000	71.272446	-148.3805
25.400000	71.282738	-148.9260
25.799999	71.292114	-149.3690
26.200001	71.307480	-149.7243
26.500000	71.325172	-149.9583
26.900000	71.355675	-150.2656
27.200001	71.380905	-150.5091
27.600000	71.412575	-150.8507
28.000000	71.439156	-151.1885
28.500000	71.467834	-151.5645
29.000000	71.500427	-151.8966
29.500000	71.539871	-152.2548
30.000000	71.576187	-152.6953
30.400000	71.595169	-153.0830
30.700001	71.603477	-153.3604
31.100000	71.612747	-153.6830
31.500000	71.630569	-153.9692
32.000000	71.673912	-154.4046
32.500000	71.728142	-155.1056
33.000000	71.756828	-156.1363
33.500000	71.727386	-157.3466
34.000000	71.632927	-158.4454
34.500000	71.495399	-159.1993
35.000000	71.353622	-159.5463
35.500000	71.241409	-159.5814
36.000000	71.175583	-159.4694
36.500000	71.156982	-159.3554
37.000000	71.177116	-159.3373
37.500000	71.223465	-159.4765
38.200001	71.302605	-159.9734
38.700001	71.347412	-160.4897
39.500000	71.377426	-161.2996
40.000000	71.381371	-161.6269
40.599998	71.398216	-161.8009
41.200001	71.443985	-161.8709
41.799999	71.511185	-162.0029
42.500000	71.588783	-162.3129
43.099998	71.639427	-162.6554
43.700001	71.675400	-163.0074
44.400002	71.704788	-163.4186
45.000000	71.720963	-163.7882
45.500000	71.727585	-164.1119
46.200001	71.726456	-164.5741
46.799999	71.718208	-164.9557
47.500000	71.706337	-165.3621
48.200001	71.699043	-165.7310
48.700001	71.698471	-165.9854
49.400002	71.702423	-166.3415
50.000000	71.707443	-166.6409
50.799999	71.713478	-167.0068
51.500000	71.717346	-167.2761
52.200001	71.720512	-167.4899
53.000000	71.724937	-167.6790
53.799999	71.730484	-167.8467
54.500000	71.734093	-168.0047
55.200001	71.734741	-168.1836
56.000000	71.731857	-168.4173
57.000000	71.724648	-168.7622
58.000000	71.713913	-169.1642
59.000000	71.698784	-169.5833
60.000000	71.682922	-169.9453
60.799999	71.676880	-170.1690
61.500000	71.679611	-170.3372
62.200001	71.688004	-170.5065
63.000000	71.698975	-170.7171
64.000000	71.706886	-170.9960
65.000000	71.704941	-171.2657
66.000000	71.695740	-171.5128
67.000000	71.684303	-171.7489
68.000000	71.674347	-171.9976
69.000000	71.666374	-172.2743
70.000000	71.658737	-172.5711
71.000000	71.649834	-172.8590
72.000000	71.639847	-173.1054
73.000000	71.630745	-173.2936
74.000000	71.624466	-173.4342
75.000000	71.620934	-173.5568
76.199997	71.617279	-173.7187
77.500000	71.611160	-173.9314
78.800003	71.604683	-174.1842
80.000000	71.601303	-174.4562
81.199997	71.600052	-174.7612
82.500000	71.597931	-175.0995
83.800003	71.593353	-175.4034
85.000000	71.587830	-175.6380
86.199997	71.581161	-175.8399
87.500000	71.571503	-176.0389
88.500000	71.562271	-176.1844
90.000000	71.547211	-176.3982
91.199997	71.536011	-176.5728
92.500000	71.525955	-176.7745
93.800003	71.517227	-176.9953
95.000000	71.508286	-177.2097
96.199997	71.497238	-177.4173
97.500000	71.483353	-177.6172
98.800003	71.468704	-177.7877
100.000000	71.454910	-177.9275
101.500000	71.436859	-178.0965
103.000000	71.417625	-178.2755
104.400002	71.399132	-178.4569
106.000000	71.378479	-178.6676
107.500000	71.360710	-178.8378
109.000000	71.345940	-178.9530
110.599998	71.335594	-179.0159
112.000000	71.332069	-179.0547
113.800003	71.333908	-179.1503
115.000000	71.337746	-179.2655
117.199997	71.346245	-179.5750
118.000000	71.348175	-179.7049
120.599998	71.340897	179.9016
122.000000	71.326027	179.7367
124.099998	71.292084	179.5378
125.000000	71.275284	179.4579
126.500000	71.247406	179.3196
128.000000	71.222237	179.1728
131.500000	71.178108	178.8483
132.000000	71.173012	178.8087
134.000000	71.153870	178.6644
136.000000	71.135429	178.5253
138.000000	71.117386	178.3727
140.000000	71.099945	178.2061
143.000000	71.072098	177.9582
145.000000	71.048843	177.8134
147.500000	71.012726	177.6644
150.000000	70.972816	177.5537
152.500000	70.936020	177.4817
155.000000	70.905212	177.4352
157.500000	70.877892	177.3870
160.000000	70.850021	177.3179
162.500000	70.819908	177.2359
165.000000	70.789932	177.1566
167.500000	70.764114	177.0727
170.000000	70.743927	176.9645
172.500000	70.727081	176.8292
175.000000	70.709671	176.6836
177.500000	70.689301	176.5483
180.000000	70.666145	176.4332
182.500000	70.641060	176.3351
185.000000	70.614021	176.2478
187.500000	70.585014	176.1693
190.000000	70.555038	176.0998
192.500000	70.525826	176.0380
195.000000	70.498962	175.9791
197.500000	70.474861	175.9172
200.000000	70.452744	175.8498
203.000000	70.426926	175.7648
206.000000	70.400169	175.6809
209.000000	70.372185	175.6020
212.000000	70.344215	175.5294
214.000000	70.326195	175.4837
218.000000	70.291420	175.3946
220.000000	70.273705	175.3519
224.000000	70.234917	175.2796
227.000000	70.201988	175.2390
230.000000	70.166634	175.2042
233.000000	70.130623	175.1699
236.000000	70.094940	175.1350
240.000000	70.046349	175.0884
243.000000	70.007561	175.0563
247.000000	69.953766	175.0245
250.000000	69.914055	175.0095
254.000000	69.864029	174.9939
258.000000	69.816971	174.9760
262.000000	69.769852	174.9640
265.000000	69.732391	174.9740
269.000000	69.679047	175.0304
272.000000	69.637932	175.1040
276.000000	69.584259	175.2255
280.000000	69.532883	175.3530
285.000000	69.471809	175.5112
290.000000	69.414856	175.6735
295.000000	69.363434	175.8341
300.000000	69.318436	175.9751
304.000000	69.285789	176.0673
307.000000	69.261627	176.1263
311.000000	69.228180	176.1990
315.000000	69.192780	176.2749
320.000000	69.146599	176.3845
325.000000	69.099648	176.5107
330.000000	69.053078	176.6466
335.000000	69.007233	176.7867
340.000000	68.961380	176.9285
345.000000	68.914192	177.0721
350.000000	68.864784	177.2197
355.000000	68.813499	177.3755
360.000000	68.761818	177.5438
365.000000	68.711250	177.7259
370.000000	68.662163	177.9186
375.000000	68.614014	178.1162
382.000000	68.547325	178.3938
387.000000	68.500359	178.5927
395.000000	68.427292	178.9205
400.000000	68.382927	179.1361
406.000000	68.330566	179.4061
412.000000	68.278717	179.6871
418.000000	68.227219	179.9796
425.000000	68.167778	-179.6651
431.000000	68.117447	-179.3520
437.000000	68.067429	-179.0341
444.000000	68.009224	-178.6583
450.000000	67.959625	-178.3319
455.000000	67.918594	-178.0577
462.000000	67.861649	-177.6720
468.000000	67.813446	-177.3404
475.000000	67.758278	-176.9496
482.000000	67.704514	-176.5499
487.000000	67.667114	-176.2577
494.000000	67.616226	-175.8394
500.000000	67.573685	-175.4723
508.000000	67.517601	-174.9700
515.000000	67.468483	-174.5206
522.000000	67.419258	-174.0662
530.000000	67.363556	-173.5430
538.000000	67.309555	-173.0154
545.000000	67.264244	-172.5496
552.000000	67.220528	-172.0794
560.000000	67.171532	-171.5346
570.000000	67.110260	-170.8392
580.000000	67.048393	-170.1241
590.000000	66.987076	-169.3823
600.000000	66.928543	-168.6069
608.000000	66.885185	-167.9643
615.000000	66.850418	-167.3915
622.000000	66.818909	-166.8156
630.000000	66.786903	-166.1610
640.000000	66.752213	-165.3566
650.000000	66.721603	-164.5735
660.000000	66.692841	-163.8150
670.000000	66.664124	-163.0782
680.000000	66.634201	-162.3528
690.000000	66.602638	-161.6264
700.000000	66.569946	-160.8892
710.000000	66.537094	-160.1350
720.000000	66.504967	-159.3603
730.000000	66.474258	-158.5653
740.000000	66.445526	-157.7530
750.000000	66.419060	-156.9266
762.000000	66.390541	-155.9194
775.000000	66.363953	-154.8146
788.000000	66.342003	-153.7011
800.000000	66.325790	-152.6674
812.000000	66.313316	-151.6279
825.000000	66.303894	-150.4945
838.000000	66.298500	-149.3536
850.000000	66.296906	-148.2958
862.000000	66.298828	-147.2361
875.000000	66.305557	-146.0868
885.000000	66.314468	-145.2012
900.000000	66.334229	-143.8683
912.000000	66.355392	-142.7984
925.000000	66.383339	-141.6403
938.000000	66.416237	-140.4892
950.000000	66.450943	-139.4370
962.000000	66.489830	-138.3970
975.000000	66.536690	-137.2859
988.000000	66.588333	-136.1927
1000.000000	66.640068	-135.2006
1015.000000	66.709946	-133.9841
1030.000000	66.785286	-132.7946
1044.000000	66.860100	-131.7109
1060.000000	66.950165	-130.5076
1075.000000	67.038147	-129.4168
1090.000000	67.128807	-128.3642
1106.000000	67.227890	-127.2842
1120.000000	67.316322	-126.3755
1138.000000	67.432045	-125.2567
1150.000000	67.510139	-124.5410
1172.000000	67.654289	-123.2869
1180.000000	67.706772	-122.8479
1206.000000	67.876572	-121.4769
1220.000000	67.967117	-120.7713
1241.000000	68.101044	-119.7532
1250.000000	68.157532	-119.3308
1265.000000	68.250237	-118.6434
1280.000000	68.341080	-117.9748
1315.000000	68.546570	-116.4788
1320.000000	68.575256	-116.2718
1340.000000	68.688538	-115.4579
1360.000000	68.799370	-114.6631
1380.000000	68.907768	-113.8818
1400.000000	69.013931	-113.1095
1430.000000	69.169533	-111.9640
1450.000000	69.271095	-111.2082
1475.000000	69.395966	-110.2712
1500.000000	69.519264	-109.3407
1525.000000	69.641655	-108.4147
1550.000000	69.763542	-107.4920
1575.000000	69.885284	-106.5725
1600.000000	70.007301	-105.6560
1625.000000	70.129906	-104.7413
1650.000000	70.253265	-103.8257
1675.000000	70.377609	-102.9067
1700.000000	70.503540	-101.9822
1725.000000	70.632072	-101.0520
1750.000000	70.764565	-100.1177
1775.000000	70.902435	-99.1831
1800.000000	71.046997	-98.2544
1825.000000	71.199181	-97.3421
1850.000000	71.359116	-96.4601
1875.000000	71.525833	-95.6238
1900.000000	71.697395	-94.8463
1925.000000	71.871246	-94.1341
1950.000000	72.044998	-93.4863
1975.000000	72.216934	-92.8948
2000.000000	72.386276	-92.3484
2030.000000	72.586227	-91.7370
2060.000000	72.783928	-91.1611
2090.000000	72.981407	-90.6151
2120.000000	73.180687	-90.1019
2140.000000	73.315254	-89.7827
2180.000000	73.588997	-89.2184
2200.000000	73.727737	-88.9827
2240.000000	74.006134	-88.6239
2270.000000	74.212654	-88.4625
2300.000000	74.414192	-88.3944
2330.000000	74.608521	-88.4145
2360.000000	74.794060	-88.5144
2400.000000	75.026215	-88.7561
2430.000000	75.188095	-89.0080
2470.000000	75.386574	-89.4238
2500.000000	75.521667	-89.7860
2540.000000	75.682388	-90.3198
2580.000000	75.820168	-90.8904
2620.000000	75.935104	-91.4711
2650.000000	76.007141	-91.8969
2690.000000	76.086494	-92.4332
2720.000000	76.135445	-92.8037
2760.000000	76.189575	-93.2528
2800.000000	76.233467	-93.6566
2850.000000	76.275703	-94.1148
2900.000000	76.303253	-94.5365
2950.000000	76.314308	-94.9214
3000.000000	76.307701	-95.2537
3040.000000	76.289948	-95.4658
3070.000000	76.270004	-95.5854
3110.000000	76.235840	-95.6839
3150.000000	76.194893	-95.7059
3200.000000	76.137596	-95.6209
3250.000000	76.077774	-95.4148
3300.000000	76.019455	-95.1024
3350.000000	75.965454	-94.7051
3400.000000	75.917068	-94.2461
3450.000000	75.874214	-93.7450
3500.000000	75.835899	-93.2157
3550.000000	75.800858	-92.6659
3600.000000	75.767998	-92.0979
3650.000000	75.736725	-91.5112
3700.000000	75.707008	-90.9044
3750.000000	75.679344	-90.2771
3820.000000	75.645348	-89.3673
3870.000000	75.625343	-88.7006
3950.000000	75.601547	-87.6229
4000.000000	75.591583	-86.9536
4060.000000	75.583786	-86.1651
4120.000000	75.579453	-85.3995
4180.000000	75.577499	-84.6614
4250.000000	75.576988	-83.8380
4310.000000	75.577255	-83.1660
4370.000000	75.577553	-82.5255
4440.000000	75.577171	-81.8185
4500.000000	75.575523	-81.2469
4550.000000	75.572807	-80.7947
4620.000000	75.566391	-80.1970
4680.000000	75.558311	-79.7165
4750.000000	75.546219	-79.1933
4820.000000	75.531967	-78.7175
4870.000000	75.520424	-78.4164
4940.000000	75.500435	-78.0660
5000.000000	75.476257	-77.8396
5080.000000	75.427200	-77.6322
5150.000000	75.364182	-77.5067
5220.000000	75.281120	-77.3962
5300.000000	75.162659	-77.2501
5380.000000	75.021393	-77.0518
5450.000000	74.881149	-76.8167
5520.000000	74.727234	-76.5101
5600.000000	74.536858	-76.0570
5700.000000	74.281441	-75.3147
5800.000000	74.012573	-74.3549
5900.000000	73.737640	-73.1624
6000.000000	73.464935	-71.7323
6080.000000	73.254211	-70.4220
6150.000000	73.079018	-69.1625
6220.000000	72.915329	-67.8075
6300.000000	72.745682	-66.1570
6400.000000	72.564713	-63.9704
6500.000000	72.423584	-61.6857
6600.000000	72.327179	-59.3471
6700.000000	72.280144	-57.0009
6800.000000	72.287277	-54.6984
6900.000000	72.353401	-52.5005
7000.000000	72.482658	-50.4843
7100.000000	72.676857	-48.7481
7200.000000	72.933121	-47.4139
7300.000000	73.241203	-46.6223
7400.000000	73.581932	-46.5207
7500.000000	73.927277	-47.2412
7620.000000	74.298721	-49.3055
7750.000000	74.579033	-52.9837
7880.000000	74.667480	-57.8259
8000.000000	74.547577	-62.8060
8120.000000	74.234856	-67.7402
8250.000000	73.704781	-72.5805
8380.000000	73.012642	-76.6433
8500.000000	72.256882	-79.6066
8620.000000	71.406357	-81.7496
8750.000000	70.395149	-83.0683
8850.000000	69.567566	-83.3350
9000.000000	68.277031	-82.5156
9120.000000	67.233665	-80.8758
9250.000000	66.127480	-78.2506
9380.000000	65.076660	-74.9150
9500.000000	64.175568	-71.3599
9620.000000	63.351440	-67.4770
9750.000000	62.549995	-63.0210
9880.000000	61.842613	-58.4087
10000.000000	61.269226	-54.0862
10150.000000	60.652191	-48.6810
10300.000000	60.135937	-43.3558
10440.000000	59.735413	-38.5225
10600.000000	59.362167	-33.2247
10750.000000	59.082703	-28.5273
10900.000000	58.859989	-24.1282
11060.000000	58.672577	-19.7925
11200.000000	58.541458	-16.3145
11380.000000	58.405533	-12.2859
11500.000000	58.328758	-9.8785
11720.000000	58.200268	-6.0251
11800.000000	58.153072	-4.7895
12060.000000	57.981758	-1.2386
12200.000000	57.877499	0.4873
12410.000000	57.722984	2.9931
12500.000000	57.666599	4.0559
12650.000000	57.600693	5.7997
12800.000000	57.585464	7.4558
13150.000000	57.820457	10.4561
13200.000000	57.889267	10.7297
13400.000000	58.258598	11.2837
13600.000000	58.780117	10.7813
13800.000000	59.446114	8.9279
14000.000000	60.227222	5.3510
14300.000000	61.474239	-4.2371
14500.000000	62.218071	-14.0470
14750.000000	62.869743	-30.3226
15000.000000	63.068794	-50.1031
15250.000000	62.746208	-71.3246
15500.000000	61.935699	-91.8062
15750.000000	60.760757	-110.3759
16000.000000	59.399689	-127.2000
16250.000000	58.031494	-143.2823
16500.000000	56.769909	-159.7275
16750.000000	55.622124	-177.2233
17000.000000	54.512856	164.1243
17250.000000	53.351738	144.6211
17500.000000	52.086636	124.6050
17750.000000	50.719120	104.0819
18000.000000	49.291096	82.5877
18250.000000	47.856102	59.3262
18500.000000	46.448269	33.4743
18750.000000	45.065380	4.5281
19000.000000	43.675991	-27.3212
19250.000000	42.247433	-60.7267
19500.000000	40.791763	-92.7476
19750.000000	39.439846	-118.8984
