* Measurement data measured by REW V5.20
* Source: USB-C to 3.5mm Headphone Jack Adapter, USB-C to 3.5mm Headphone Jack Adapter, 0, volume: 0.663. Timing signal peak level -6.8 dBFS, measurement signal peak level -6.8 dBFS
* Format: 256k Log Swept Sine, 1 sweep at -12.0 dBFS using an acoustic timing reference
* Dated: Mar 27, 2021 11:51:58 AM
* REW Settings:
*  C-weighting compensation: Off
*  Target level: 75.0 dB
* Note: ; Delay -0.0813 ms (-28 mm, -1.1 in) using estimated IR delay relative to Acoustic reference on USB-C to 3.5mm Headphone Jack Adapter L with no timing offset
* Measurement: Tin Hifi T2 Pro (Comply)
* Smoothing: 1/12 octave
* Frequency Step: 1/48 octave
* Start Frequency: 20.300 Hz
*
* Freq(Hz)	SPL(dB)	Phase(degrees)
20.299999	96.575394	-109.4784
20.600000	96.607025	-109.8248
20.900000	96.691612	-110.6390
21.200001	96.785072	-111.5010
21.400000	96.849571	-112.0354
21.799999	96.990311	-112.9648
22.000000	97.069138	-113.3698
22.400000	97.242172	-114.1281
22.700001	97.375191	-114.7150
23.000000	97.497269	-115.3395
23.299999	97.596931	-115.9818
23.600000	97.668190	-116.5918
24.000000	97.723854	-117.2588
24.299999	97.750237	-117.6250
24.700001	97.789886	-117.9972
25.000000	97.834976	-118.2945
25.400000	97.917374	-118.8625
25.799999	98.010391	-119.6993
26.200001	98.095230	-120.7225
26.500000	98.148476	-121.5001
26.900000	98.210701	-122.4054
27.200001	98.257492	-122.9355
27.600000	98.327286	-123.4649
28.000000	98.403297	-123.8796
28.500000	98.488564	-124.3797
29.000000	98.541809	-124.9107
29.500000	98.564621	-125.4226
30.000000	98.582367	-125.8833
30.400000	98.609344	-126.2423
30.700001	98.640274	-126.5277
31.100000	98.693237	-126.9407
31.500000	98.752975	-127.3778
32.000000	98.827797	-127.9223
32.500000	98.897202	-128.4503
33.000000	98.959244	-128.9938
33.500000	99.013901	-129.5921
34.000000	99.063713	-130.2493
34.500000	99.113396	-130.9322
35.000000	99.166565	-131.5914
35.500000	99.222588	-132.1852
36.000000	99.277557	-132.6928
36.500000	99.328026	-133.1246
37.000000	99.373253	-133.5228
37.500000	99.414810	-133.9356
38.200001	99.472626	-134.5702
38.700001	99.517426	-135.0318
39.500000	99.593102	-135.6700
40.000000	99.635208	-135.9691
40.599998	99.672493	-136.2498
41.200001	99.696136	-136.5246
41.799999	99.716347	-136.8778
42.500000	99.754753	-137.4336
43.099998	99.807220	-138.0012
43.700001	99.866592	-138.5671
44.400002	99.925362	-139.0632
45.000000	99.970482	-139.2908
45.500000	100.014656	-139.4306
46.200001	100.082909	-139.7534
46.799999	100.125977	-140.1668
47.500000	100.146225	-140.5941
48.200001	100.153748	-140.8682
48.700001	100.160004	-141.0830
49.400002	100.165260	-141.5811
50.000000	100.168320	-142.1890
50.799999	100.192406	-143.1338
51.500000	100.236916	-143.9714
52.200001	100.282341	-144.6825
53.000000	100.315460	-145.2288
53.799999	100.330971	-145.5824
54.500000	100.341156	-145.8761
55.200001	100.357834	-146.2040
56.000000	100.385117	-146.5709
57.000000	100.408943	-146.8996
58.000000	100.393196	-147.1716
59.000000	100.341064	-147.5676
60.000000	100.325119	-148.0070
60.799999	100.381920	-148.3746
61.500000	100.460785	-148.7337
62.200001	100.532768	-149.0876
63.000000	100.588905	-149.4313
64.000000	100.630157	-149.7953
65.000000	100.657898	-150.1462
66.000000	100.679207	-150.4833
67.000000	100.699448	-150.7948
68.000000	100.731544	-151.0728
69.000000	100.779053	-151.3401
70.000000	100.822365	-151.6461
71.000000	100.843452	-152.0053
72.000000	100.846741	-152.3922
73.000000	100.845093	-152.7690
74.000000	100.845062	-153.1036
75.000000	100.848717	-153.3958
76.199997	100.856956	-153.7237
77.500000	100.865059	-154.0602
78.800003	100.874245	-154.3668
80.000000	100.888657	-154.6636
81.199997	100.906082	-154.9978
82.500000	100.926208	-155.3465
83.800003	100.948181	-155.6200
85.000000	100.966812	-155.8289
86.199997	100.981583	-156.0466
87.500000	100.994926	-156.3033
88.500000	101.004364	-156.5084
90.000000	101.017838	-156.8236
91.199997	101.029861	-157.0647
92.500000	101.043884	-157.3019
93.800003	101.056061	-157.5317
95.000000	101.064590	-157.7507
96.199997	101.071251	-157.9707
97.500000	101.077324	-158.2047
98.800003	101.083252	-158.4370
100.000000	101.090965	-158.6481
101.500000	101.106293	-158.9002
103.000000	101.123917	-159.1353
104.400002	101.137451	-159.3425
106.000000	101.149872	-159.5732
107.500000	101.160042	-159.7840
109.000000	101.169144	-159.9841
110.599998	101.178291	-160.1875
112.000000	101.185455	-160.3661
113.800003	101.192352	-160.6168
115.000000	101.195061	-160.8132
117.199997	101.195007	-161.2704
118.000000	101.194092	-161.4565
120.599998	101.196945	-161.8337
122.000000	101.205635	-161.8339
124.099998	101.224350	-161.8402
125.000000	101.232651	-161.8876
126.500000	101.244766	-162.0091
128.000000	101.253860	-162.1546
131.500000	101.268425	-162.4995
132.000000	101.270241	-162.5470
134.000000	101.277428	-162.7294
136.000000	101.284668	-162.8982
138.000000	101.291687	-163.0586
140.000000	101.297974	-163.2207
143.000000	101.305473	-163.4684
145.000000	101.309425	-163.6272
147.500000	101.313843	-163.8282
150.000000	101.318344	-164.0316
152.500000	101.322571	-164.2156
155.000000	101.324837	-164.3832
157.500000	101.326271	-164.5621
160.000000	101.327713	-164.7607
162.500000	101.330017	-164.9393
165.000000	101.334412	-165.0660
167.500000	101.339409	-165.1691
170.000000	101.344147	-165.2834
172.500000	101.348328	-165.4127
175.000000	101.351913	-165.5467
177.500000	101.354721	-165.6742
180.000000	101.355850	-165.7895
182.500000	101.355202	-165.8970
185.000000	101.353867	-165.9971
187.500000	101.352287	-166.0876
190.000000	101.351166	-166.1754
192.500000	101.350937	-166.2738
195.000000	101.350670	-166.3895
197.500000	101.349991	-166.5168
200.000000	101.349121	-166.6389
203.000000	101.348015	-166.7612
206.000000	101.347130	-166.8614
209.000000	101.345917	-166.9518
212.000000	101.343933	-167.0408
214.000000	101.342232	-167.1014
218.000000	101.337677	-167.2225
220.000000	101.334602	-167.2810
224.000000	101.326782	-167.3946
227.000000	101.320641	-167.4816
230.000000	101.315010	-167.5720
233.000000	101.308449	-167.6619
236.000000	101.299835	-167.7448
240.000000	101.289444	-167.8386
243.000000	101.287033	-167.9021
247.000000	101.286682	-167.9870
250.000000	101.284271	-168.0487
254.000000	101.277771	-168.1228
258.000000	101.268501	-168.1926
262.000000	101.257431	-168.2644
265.000000	101.248978	-168.3155
269.000000	101.238503	-168.3718
272.000000	101.231026	-168.4097
276.000000	101.220802	-168.4624
280.000000	101.209770	-168.5131
285.000000	101.195374	-168.5687
290.000000	101.181633	-168.6259
295.000000	101.169540	-168.6923
300.000000	101.155640	-168.7459
304.000000	101.140060	-168.7598
307.000000	101.126694	-168.7596
311.000000	101.108780	-168.7602
315.000000	101.091652	-168.7664
320.000000	101.071121	-168.7780
325.000000	101.051155	-168.7866
330.000000	101.031319	-168.7876
335.000000	101.010971	-168.7837
340.000000	100.989777	-168.7766
345.000000	100.967484	-168.7645
350.000000	100.944046	-168.7472
355.000000	100.920364	-168.7262
360.000000	100.897278	-168.6985
365.000000	100.874825	-168.6619
370.000000	100.852043	-168.6193
375.000000	100.828171	-168.5720
382.000000	100.793564	-168.4978
387.000000	100.768829	-168.4386
395.000000	100.729088	-168.3323
400.000000	100.703781	-168.2596
406.000000	100.673317	-168.1662
412.000000	100.643158	-168.0663
418.000000	100.612633	-167.9570
425.000000	100.575096	-167.8170
431.000000	100.541573	-167.6914
437.000000	100.507629	-167.5608
444.000000	100.468071	-167.4002
450.000000	100.434280	-167.2555
455.000000	100.405968	-167.1290
462.000000	100.366096	-166.9422
468.000000	100.332130	-166.7755
475.000000	100.292877	-166.5760
482.000000	100.253540	-166.3659
487.000000	100.225075	-166.2075
494.000000	100.184738	-165.9771
500.000000	100.149948	-165.7726
508.000000	100.103638	-165.4904
515.000000	100.063324	-165.2359
522.000000	100.023193	-164.9727
530.000000	99.977348	-164.6548
538.000000	99.931671	-164.3209
545.000000	99.892174	-164.0255
552.000000	99.853157	-163.7279
560.000000	99.809036	-163.3787
570.000000	99.754135	-162.9259
580.000000	99.699120	-162.4571
590.000000	99.644165	-161.9719
600.000000	99.589630	-161.4667
608.000000	99.546349	-161.0489
615.000000	99.508728	-160.6745
622.000000	99.471588	-160.2916
630.000000	99.430084	-159.8442
640.000000	99.380005	-159.2733
650.000000	99.331810	-158.6905
660.000000	99.284149	-158.0893
670.000000	99.235680	-157.4662
680.000000	99.187538	-156.8277
690.000000	99.141289	-156.1785
700.000000	99.097260	-155.5184
710.000000	99.055092	-154.8447
720.000000	99.014557	-154.1566
730.000000	98.975716	-153.4553
740.000000	98.938530	-152.7414
750.000000	98.902908	-152.0143
762.000000	98.862343	-151.1258
775.000000	98.821892	-150.1434
788.000000	98.785767	-149.1358
800.000000	98.756035	-148.1831
812.000000	98.730026	-147.2159
825.000000	98.706490	-146.1582
838.000000	98.687553	-145.0894
850.000000	98.673813	-144.0944
862.000000	98.663940	-143.0918
875.000000	98.657784	-141.9985
885.000000	98.656311	-141.1536
900.000000	98.660339	-139.8772
912.000000	98.669571	-138.8466
925.000000	98.684937	-137.7281
938.000000	98.705292	-136.6153
950.000000	98.728607	-135.5956
962.000000	98.756760	-134.5846
975.000000	98.792595	-133.5008
988.000000	98.833206	-132.4308
1000.000000	98.874496	-131.4585
1015.000000	98.931175	-130.2680
1030.000000	98.993721	-129.1091
1044.000000	99.056793	-128.0592
1060.000000	99.132690	-126.8965
1075.000000	99.206345	-125.8337
1090.000000	99.282455	-124.7861
1106.000000	99.368042	-123.6851
1120.000000	99.448669	-122.7478
1138.000000	99.559929	-121.6090
1150.000000	99.636131	-120.9033
1172.000000	99.773758	-119.7074
1180.000000	99.822548	-119.2958
1206.000000	99.975800	-118.0153
1220.000000	100.055305	-117.3554
1241.000000	100.171951	-116.4040
1250.000000	100.220940	-116.0098
1265.000000	100.300812	-115.3681
1280.000000	100.378555	-114.7443
1315.000000	100.554504	-113.3699
1320.000000	100.579041	-113.1837
1340.000000	100.675011	-112.4666
1360.000000	100.765625	-111.7990
1380.000000	100.848068	-111.1884
1400.000000	100.917473	-110.6349
1430.000000	100.979828	-109.8608
1450.000000	100.983604	-109.2662
1475.000000	100.951988	-108.1875
1500.000000	100.924469	-106.5397
1525.000000	100.966843	-104.4491
1550.000000	101.103233	-102.3436
1575.000000	101.300674	-100.5629
1600.000000	101.512802	-99.1617
1625.000000	101.712906	-98.0134
1650.000000	101.897690	-96.9700
1675.000000	102.075676	-95.9576
1700.000000	102.254539	-94.9710
1725.000000	102.436798	-94.0250
1750.000000	102.622375	-93.1287
1775.000000	102.811218	-92.2861
1800.000000	103.003479	-91.4998
1825.000000	103.199196	-90.7732
1850.000000	103.398178	-90.1111
1875.000000	103.600052	-89.5187
1900.000000	103.804359	-89.0013
1925.000000	104.010597	-88.5652
1950.000000	104.218109	-88.2174
1975.000000	104.425835	-87.9647
2000.000000	104.632378	-87.8125
2030.000000	104.876678	-87.7671
2060.000000	105.114616	-87.8757
2090.000000	105.343155	-88.1424
2120.000000	105.558792	-88.5693
2140.000000	105.693535	-88.9412
2180.000000	105.936478	-89.8833
2200.000000	106.042542	-90.4462
2240.000000	106.218727	-91.7298
2270.000000	106.315857	-92.8029
2300.000000	106.380486	-93.9394
2330.000000	106.411209	-95.1078
2360.000000	106.407509	-96.2736
2400.000000	106.350082	-97.7639
2430.000000	106.269646	-98.7914
2470.000000	106.116867	-99.9867
2500.000000	105.972252	-100.7221
2540.000000	105.746407	-101.4539
2580.000000	105.491226	-101.8766
2620.000000	105.215660	-101.9784
2650.000000	105.000725	-101.8454
2690.000000	104.709320	-101.3980
2720.000000	104.490952	-100.8699
2760.000000	104.205032	-99.9253
2800.000000	103.930061	-98.7265
2850.000000	103.608475	-96.9097
2900.000000	103.317734	-94.7916
2950.000000	103.062614	-92.4303
3000.000000	102.846176	-89.8822
3040.000000	102.701889	-87.7464
3070.000000	102.610519	-86.1057
3110.000000	102.510574	-83.8856
3150.000000	102.434692	-81.6487
3200.000000	102.371147	-78.8588
3250.000000	102.338287	-76.1052
3300.000000	102.331474	-73.4100
3350.000000	102.346497	-70.7843
3400.000000	102.379295	-68.2317
3450.000000	102.426575	-65.7520
3500.000000	102.485725	-63.3421
3550.000000	102.554878	-60.9966
3600.000000	102.632629	-58.7094
3650.000000	102.718079	-56.4752
3700.000000	102.810776	-54.2896
3750.000000	102.910553	-52.1492
3820.000000	103.062035	-49.2260
3870.000000	103.178383	-47.1895
3950.000000	103.378235	-44.0209
4000.000000	103.511734	-42.0984
4060.000000	103.680656	-39.8534
4120.000000	103.859047	-37.6801
4180.000000	104.046799	-35.5825
4250.000000	104.277298	-33.2367
4310.000000	104.484200	-31.3198
4370.000000	104.699196	-29.4976
4440.000000	104.959366	-27.5027
4500.000000	105.189354	-25.9143
4550.000000	105.385132	-24.6824
4620.000000	105.663872	-23.1073
4680.000000	105.905159	-21.9061
4750.000000	106.186447	-20.6907
4820.000000	106.463585	-19.6843
4870.000000	106.656395	-19.0956
4940.000000	106.915146	-18.4531
5000.000000	107.122894	-18.0669
5080.000000	107.373840	-17.7718
5150.000000	107.563858	-17.6940
5220.000000	107.722145	-17.7495
5300.000000	107.860809	-17.9233
5380.000000	107.952980	-18.1486
5450.000000	107.996399	-18.3322
5520.000000	108.007858	-18.4572
5600.000000	107.987228	-18.4821
5700.000000	107.922791	-18.2843
5800.000000	107.830811	-17.8065
5900.000000	107.725983	-17.0593
6000.000000	107.619942	-16.0762
6080.000000	107.539963	-15.1490
6150.000000	107.476128	-14.2565
6220.000000	107.419220	-13.3049
6300.000000	107.363266	-12.1615
6400.000000	107.307533	-10.6636
6500.000000	107.271118	-9.0971
6600.000000	107.262932	-7.5001
6700.000000	107.286903	-5.9825
6800.000000	107.330872	-4.6342
6900.000000	107.382408	-3.4432
7000.000000	107.440369	-2.3815
7100.000000	107.506973	-1.4694
7200.000000	107.579666	-0.7618
7300.000000	107.648468	-0.3105
7400.000000	107.697472	-0.1249
7500.000000	107.710236	-0.1430
7620.000000	107.668121	-0.2418
7750.000000	107.574257	-0.2371
7880.000000	107.458488	-0.1836
8000.000000	107.321983	-0.1780
8120.000000	107.142075	-0.1212
8250.000000	106.901573	0.1574
8380.000000	106.630432	0.7598
8500.000000	106.368744	1.6263
8620.000000	106.108002	2.7883
8750.000000	105.838425	4.3735
8850.000000	105.648582	5.8150
9000.000000	105.408607	8.3029
9120.000000	105.268990	10.5225
9250.000000	105.183716	13.0813
9380.000000	105.178307	15.7103
9500.000000	105.252472	18.1072
9620.000000	105.408684	20.3784
9750.000000	105.675095	22.5736
9880.000000	106.043861	24.3429
10000.000000	106.471313	25.4412
10150.000000	107.105759	25.8273
10300.000000	107.809753	24.7726
10440.000000	108.466721	22.1756
10600.000000	109.117859	17.0746
10750.000000	109.531082	10.3341
10900.000000	109.675293	2.2437
11060.000000	109.496574	-6.8851
11200.000000	109.076920	-14.4515
11380.000000	108.263016	-22.7995
11500.000000	107.614761	-27.3753
11720.000000	106.360039	-34.0870
11800.000000	105.912102	-36.1683
12060.000000	104.554535	-42.5119
12200.000000	103.882172	-46.0388
12410.000000	102.900871	-51.8145
12500.000000	102.471939	-54.4737
12650.000000	101.722290	-59.0709
12800.000000	100.910660	-63.7206
13150.000000	98.735519	-73.6558
13200.000000	98.395737	-74.8812
13400.000000	96.987083	-79.1620
13600.000000	95.534668	-82.4263
13800.000000	94.084221	-84.7444
14000.000000	92.674721	-86.2551
14300.000000	90.700020	-87.3868
14500.000000	89.501976	-87.6484
14750.000000	88.150192	-87.7039
15000.000000	86.959190	-87.7212
15250.000000	85.918579	-87.9666
15500.000000	85.013168	-88.6731
15750.000000	84.224442	-90.0374
16000.000000	83.534622	-92.2212
16250.000000	82.933167	-95.3919
16500.000000	82.412560	-99.7909
16750.000000	81.958763	-105.6926
17000.000000	81.557693	-113.3760
17250.000000	81.197868	-123.1773
17500.000000	80.867470	-135.5141
17750.000000	80.563690	-150.9415
18000.000000	80.279785	-170.2563
18250.000000	79.948334	165.9050
18500.000000	79.426186	138.5248
18750.000000	78.580879	112.3561
19000.000000	77.371521	97.4342
19250.000000	75.832481	106.0162
19500.000000	74.032913	138.3474
19750.000000	72.141151	173.0126
