
Frequency	dB	Unweighted
19.5	58.9 
19.8	59.1 
20.1	59.4 
20.3	59.5 
20.6	59.7 
20.9	59.9 
21.2	60.1 
21.6	60.3 
21.9	60.4 
22.2	60.6 
22.5	60.6 
22.8	60.7 
23.2	60.9 
23.5	61.1 
23.8	61.3 
24.2	61.4 
24.5	61.4 
24.9	61.6 
25.3	61.7 
25.6	61.9 
26	61.9   
26.4	62   
26.8	62.1 
27.2	62.2 
27.5	62.2 
28	62.4   
28.4	62.6 
28.8	62.5 
29.2	62.6 
29.6	62.8 
30	62.9   
30.5	62.9 
30.9	63.1 
31.4	63.2 
31.8	63.3 
32.3	63.4 
32.8	63.5 
33.2	63.5 
33.7	63.4 
34.2	63.7 
34.7	63.7 
35.2	63.8 
35.7	63.9 
36.2	63.9 
36.8	63.9 
37.3	64.2 
37.9	64.1 
38.4	64.1 
39	64.4   
39.5	64.4 
40.1	64.4 
40.7	64.6 
41.3	64.5 
41.9	64.7 
42.5	64.7 
43.1	64.7 
43.7	64.9 
44.4	64.8 
45	65     
45.7	65   
46.3	65.1 
47	65.1   
47.7	65.3 
48.4	65.3 
49.1	65.3 
49.8	65.3 
50.5	65.5 
51.3	65.5 
52	65.7   
52.8	65.7 
53.5	65.7 
54.3	65.7 
55.1	65.8 
55.9	65.8 
56.7	65.9 
57.5	66   
58.4	66.1 
59.2	66.1 
60.1	66.2 
61	66.2   
61.8	66.3 
62.7	66.3 
63.7	66.4 
64.6	66.3 
65.5	66.4 
66.5	66.4 
67.4	66.5 
68.4	66.5 
69.4	66.7 
70.4	66.5 
71.5	66.8 
72.5	66.8 
73.5	66.8 
74.6	66.8 
75.7	66.9 
76.8	66.9 
77.9	66.9 
79.1	66.9 
80.2	67   
81.4	67   
82.6	66.9 
83.8	67   
85	67.1   
86.2	67   
87.5	67.2 
88.7	67.1 
90	67.1   
91.3	67.3 
92.7	67.2 
94	67.2   
95.4	67.3 
96.8	67.2 
98.2	67.3 
99.6	67.3 
101	67.3  
103	67.4  
104	67.4  
106	67.4  
107	67.4  
109	67.4  
110	67.3  
112	67.3  
113	67.4  
115	67.3  
117	67.4  
118	67.2  
120	67.3  
122	67.2  
124	67.4  
125	67.3  
127	67.1  
129	67.1  
131	67.2  
133	67.3  
135	67.1  
137	67.1  
139	67.2  
141	67.2  
143	67.1  
145	67.1  
147	67    
149	67.1  
151	67    
154	66.9  
156	66.9  
158	67    
160	66.9  
163	67    
165	66.8  
168	66.8  
170	66.8  
172	66.8  
175	66.8  
177	66.7  
180	66.6  
183	66.6  
185	66.7  
188	66.6  
191	66.6  
194	66.5  
196	66.6  
199	66.5  
202	66.5  
205	66.4  
208	66.5  
211	66.4  
214	66.3  
217	66.3  
220	66.2  
224	66.2  
227	66.1  
230	65.9  
234	66    
237	65.8  
240	65.8  
244	65.7  
247	65.7  
251	65.6  
255	65.5  
258	65.5  
262	65.4  
266	65.4  
270	65.3  
274	65.2  
278	65.2  
282	65    
286	65    
290	64.9  
294	64.8  
298	64.7  
303	64.5  
307	64.4  
312	64.4  
316	64.3  
321	64.2  
325	64.1  
330	64    
335	63.8  
340	63.7  
345	63.6  
350	63.5  
355	63.4  
360	63.2  
365	63.1  
371	63    
376	62.9  
382	62.8  
387	62.7  
393	62.5  
398	62.5  
404	62.3  
410	62.2  
416	62.1  
422	61.9  
428	61.7  
434	61.7  
441	61.4  
447	61.3  
454	61.2  
460	61    
467	60.9  
474	60.8  
481	60.6  
488	60.5  
495	60.3  
502	60.3  
509	60.1  
517	59.9  
524	59.9  
532	59.6  
540	59.5  
547	59.5  
555	59.3  
563	59.2  
572	59    
580	59    
588	58.8  
597	58.7  
606	58.6  
614	58.5  
623	58.3  
632	58.3  
642	58.1  
651	58.1  
660	58    
670	57.8  
680	57.7  
690	57.7  
700	57.6  
710	57.4  
720	57.4  
731	57.4  
741	57.3  
752	57.2  
763	57.1  
774	57.1  
785	56.9  
797	56.8  
808	56.9  
820	56.8  
832	56.7  
844	56.6  
856	56.7  
869	56.5  
882	56.4  
894	56.5  
907	56.4  
921	56.3  
934	56.3  
948	56.3  
961	56.3  
975	56.3  
990	56.2  
1004	56.3 
1019	56.2 
1033	56.2 
1048	56.3 
1064	56.3 
1079	56.3 
1095	56.4 
1111	56.4 
1127	56.5 
1143	56.5 
1160	56.5 
1177	56.6 
1194	56.7 
1211	56.8 
1229	56.9 
1247	57   
1265	57.1 
1283	57.4 
1302	57.4 
1321	57.7 
1340	57.8 
1360	58   
1379	58.1 
1399	58.4 
1420	58.6 
1440	58.8 
1461	59.1 
1483	59.5 
1504	59.6 
1526	59.9 
1548	60.3 
1571	60.6 
1594	60.9 
1617	61.4 
1640	61.7 
1664	62.1 
1688	62.4 
1713	62.9 
1738	63.2 
1763	63.7 
1789	64.1 
1815	64.6 
1841	65.1 
1868	65.6 
1895	66.2 
1923	66.6 
1951	67.1 
1979	67.6 
2008	68.2 
2037	68.8 
2067	69.3 
2097	69.8 
2127	70.4 
2158	70.9 
2190	71.4 
2221	71.9 
2254	72.3 
2287	72.7 
2320	73.3 
2354	73.6 
2388	74   
2423	74.4 
2458	74.6 
2494	75   
2530	75.2 
2567	75.5 
2604	75.6 
2642	75.6 
2680	75.9 
2719	75.8 
2759	75.8 
2799	75.6 
2840	75.5 
2881	75.5 
2923	75.1 
2965	74.9 
3008	74.5 
3052	74.3 
3097	73.8 
3142	73.3 
3187	72.7 
3234	72.2 
3281	71.6 
3328	71   
3377	70.3 
3426	69.7 
3476	69   
3526	68.5 
3578	67.8 
3630	67.5 
3682	67.2 
3736	67   
3790	66.9 
3846	66.7 
3901	66.9 
3958	66.9 
4016	67.1 
4074	67.2 
4133	67.3 
4194	67.2 
4255	66.9 
4316	66.4 
4379	65.9 
4443	65   
4508	64   
4573	63   
4640	62.1 
4707	61.2 
4776	60.3 
4845	59.8 
4916	59.4 
4987	59   
5060	58.8 
5133	58.7 
5208	58.8 
5284	59   
5360	59.3 
5438	59.5 
5518	59.7 
5598	60.1 
5679	60.5 
5762	60.9 
5846	61.4 
5931	62.1 
6017	62.7 
6104	63.6 
6193	64.5 
6283	65.8 
6375	67.2 
6467	68.6 
6561	69.9 
6657	71.1 
6754	71.8 
6852	72.3 
6952	72.5 
7053	72.6 
7155	72.6 
7259	72.6 
7365	72.8 
7472	73.1 
7581	73.5 
7691	73.7 
7803	74.1 
7916	74.7 
8032	75   
8148	75.2 
8267	75   
8387	74.3 
8509	73.2 
8633	72   
8758	70.1 
8886	68.2 
9015	66.2 
9146	64.4 
9279	63   
9414	61.6 
9551	60   
9690	58.2 
9831	56.3 
9974	54.3 
10119	52.4
10266	50.6
10416	48.8
10567	47.7
10721	46.5
10877	45.4
11035	44.6
11196	43.9
11358	43.4
11524	43  
11691	42.7
11861	42.4
12034	42.2
12209	42.2
12386	42.3
12567	42.5
12749	42.6
12935	42.7
13123	43.2
13314	43.7
13507	44.4
13704	45.3
13903	46  
14105	47.1
14311	48.5
14519	49.9
14730	51.5
14944	52.8
15162	54.7
15382	56.3
15606	58  
15833	59.4
16063	60.5
16297	61.3
16534	62.3
16774	62.3
17018	62.1
17266	61.8
17517	60.5
17772	59.4
18030	58.1
18293	56.1
18559	54.3
18829	52.4
19102	50.4
19380	48.7
20000	45.6
overall dB	0.0 dB
decay	Average
averaging	No Smoothing
source	Totally Made Up


saved	--/-/--, --:-- AM
peak	0.0Hz
