
Frequency	dB	Unweighted
19.5	58.1 
19.8	58.2 
20.1	58.1 
20.3	58.3 
20.6	58.3 
20.9	58.4 
21.2	58.6 
21.6	58.6 
21.9	58.7 
22.2	58.8 
22.5	59   
22.8	59   
23.2	59.1 
23.5	59.1 
23.8	59.3 
24.2	59.3 
24.5	59.3 
24.9	59.5 
25.3	59.6 
25.6	59.7 
26	59.7   
26.4	59.8 
26.8	59.9 
27.2	59.9 
27.5	60   
28	60     
28.4	60.1 
28.8	60.2 
29.2	60.3 
29.6	60.3 
30	60.3   
30.5	60.5 
30.9	60.5 
31.4	60.5 
31.8	60.6 
32.3	60.6 
32.8	60.7 
33.2	60.9 
33.7	60.9 
34.2	61   
34.7	61.1 
35.2	61   
35.7	61   
36.2	61.1 
36.8	61.2 
37.3	61.2 
37.9	61.4 
38.4	61.4 
39	61.4   
39.5	61.6 
40.1	61.6 
40.7	61.5 
41.3	61.7 
41.9	61.7 
42.5	61.8 
43.1	61.9 
43.7	61.9 
44.4	62   
45	62     
45.7	62   
46.3	62.1 
47	62.2   
47.7	62.2 
48.4	62.1 
49.1	62.1 
49.8	62.4 
50.5	62.3 
51.3	62.3 
52	62.3   
52.8	62.5 
53.5	62.5 
54.3	62.5 
55.1	62.6 
55.9	62.6 
56.7	62.6 
57.5	62.8 
58.4	62.7 
59.2	62.7 
60.1	62.9 
61	62.8   
61.8	62.8 
62.7	62.8 
63.7	63   
64.6	63   
65.5	63   
66.5	62.9 
67.4	63   
68.4	63.1 
69.4	63.1 
70.4	63.1 
71.5	63.2 
72.5	63.2 
73.5	63.2 
74.6	63.2 
75.7	63.2 
76.8	63.3 
77.9	63.2 
79.1	63.2 
80.2	63.4 
81.4	63.4 
82.6	63.4 
83.8	63.3 
85	63.3   
86.2	63.3 
87.5	63.4 
88.7	63.5 
90	63.5   
91.3	63.4 
92.7	63.5 
94	63.5   
95.4	63.5 
96.8	63.5 
98.2	63.6 
99.6	63.5 
101	63.5  
103	63.5  
104	63.5  
106	63.5  
107	63.5  
109	63.5  
110	63.5  
112	63.5  
113	63.5  
115	63.3  
117	63.3  
118	63.5  
120	63.4  
122	63.3  
124	63.2  
125	63.3  
127	63.3  
129	63.3  
131	63.2  
133	63.3  
135	63.1  
137	63.1  
139	63.2  
141	63.1  
143	63    
145	63.1  
147	63    
149	63.1  
151	63.1  
154	63    
156	63    
158	62.9  
160	63    
163	62.8  
165	62.9  
168	62.9  
170	62.8  
172	62.9  
175	62.9  
177	62.9  
180	62.9  
183	62.7  
185	62.8  
188	62.8  
191	62.6  
194	62.8  
196	62.7  
199	62.7  
202	62.6  
205	62.6  
208	62.7  
211	62.6  
214	62.6  
217	62.5  
220	62.5  
224	62.5  
227	62.5  
230	62.5  
234	62.4  
237	62.4  
240	62.3  
244	62.4  
247	62.2  
251	62.3  
255	62.2  
258	62.1  
262	62.1  
266	61.9  
270	61.9  
274	61.8  
278	61.9  
282	61.9  
286	61.7  
290	61.8  
294	61.8  
298	61.6  
303	61.6  
307	61.5  
312	61.5  
316	61.4  
321	61.4  
325	61.3  
330	61.2  
335	61.2  
340	61.1  
345	61    
350	60.9  
355	60.8  
360	60.8  
365	60.6  
371	60.6  
376	60.5  
382	60.5  
387	60.3  
393	60.3  
398	60.3  
404	60.1  
410	60    
416	59.9  
422	60    
428	59.9  
434	59.7  
441	59.7  
447	59.5  
454	59.4  
460	59.4  
467	59.3  
474	59.1  
481	59    
488	58.9  
495	58.8  
502	58.8  
509	58.7  
517	58.7  
524	58.6  
532	58.5  
540	58.4  
547	58.3  
555	58.1  
563	58.1  
572	57.9  
580	58    
588	57.8  
597	57.8  
606	57.6  
614	57.6  
623	57.5  
632	57.4  
642	57.4  
651	57.2  
660	57.1  
670	57.1  
680	56.9  
690	57    
700	56.9  
710	56.8  
720	56.8  
731	56.6  
741	56.5  
752	56.5  
763	56.5  
774	56.4  
785	56.3  
797	56.3  
808	56.1  
820	56.2  
832	56    
844	56    
856	55.9  
869	55.9  
882	55.8  
894	55.8  
907	55.7  
921	55.7  
934	55.7  
948	55.7  
961	55.5  
975	55.5  
990	55.5  
1004	55.4 
1019	55.5 
1033	55.5 
1048	55.4 
1064	55.4 
1079	55.4 
1095	55.3 
1111	55.3 
1127	55.4 
1143	55.4 
1160	55.4 
1177	55.4 
1194	55.4 
1211	55.6 
1229	55.6 
1247	55.7 
1265	55.7 
1283	55.8 
1302	55.8 
1321	55.8 
1340	56   
1360	56.1 
1379	56.1 
1399	56.2 
1420	56.4 
1440	56.5 
1461	56.7 
1483	56.9 
1504	57   
1526	57.1 
1548	57.4 
1571	57.6 
1594	57.7 
1617	58   
1640	58.2 
1664	58.3 
1688	58.6 
1713	58.9 
1738	59   
1763	59.5 
1789	59.6 
1815	59.9 
1841	60.3 
1868	60.7 
1895	60.9 
1923	61.3 
1951	61.6 
1979	62.1 
2008	62.5 
2037	62.8 
2067	63.3 
2097	63.7 
2127	64.1 
2158	64.5 
2190	65   
2221	65.3 
2254	65.8 
2287	66.3 
2320	66.6 
2354	67.1 
2388	67.5 
2423	67.9 
2458	68.5 
2494	68.8 
2530	69.3 
2567	69.7 
2604	70   
2642	70.5 
2680	70.9 
2719	71.1 
2759	71.4 
2799	71.7 
2840	72.1 
2881	72.2 
2923	72.5 
2965	72.6 
3008	72.9 
3052	72.9 
3097	73   
3142	73   
3187	73   
3234	73   
3281	72.9 
3328	72.7 
3377	72.7 
3426	72.4 
3476	72.2 
3526	71.8 
3578	71.5 
3630	71.2 
3682	70.9 
3736	70.5 
3790	70.1 
3846	69.6 
3901	69   
3958	68.6 
4016	68.1 
4074	67.6 
4133	67.1 
4194	66.6 
4255	66   
4316	65.6 
4379	65.3 
4443	65   
4508	65   
4573	64.9 
4640	64.9 
4707	64.9 
4776	65.1 
4845	64.9 
4916	64.9 
4987	64.8 
5060	64.5 
5133	64.2 
5208	63.6 
5284	62.9 
5360	62.1 
5438	61.5 
5518	60.9 
5598	60.3 
5679	59.9 
5762	59.6 
5846	59.4 
5931	59.4 
6017	59.4 
6104	59.4 
6193	59.5 
6283	59.6 
6375	59.7 
6467	59.9 
6561	59.9 
6657	59.9 
6754	59.8 
6852	59.7 
6952	59.6 
7053	59.6 
7155	59.5 
7259	59.4 
7365	59.3 
7472	59.4 
7581	59.6 
7691	60   
7803	60.1 
7916	60.1 
8032	60   
8148	59.8 
8267	59.6 
8387	59.4 
8509	59.3 
8633	59.6 
8758	59.8 
8886	60   
9015	60.3 
9146	60.6 
9279	60.8 
9414	61.4 
9551	61.9 
9690	62.3 
9831	62.6 
9974	62.6 
10119	62.6
10266	62  
10416	61.7
10567	61.4
10721	61  
10877	60.7
11035	60.4
11196	60.2
11358	59.7
11524	58.9
11691	58.2
11861	57.2
12034	55.9
12209	54.7
12386	53.7
12567	52.8
12749	51.7
12935	50.6
13123	49.7
13314	48.7
13507	47.7
13704	46.8
13903	46.2
14105	45.5
14311	45  
14519	44.5
14730	44  
14944	43.8
15162	43.6
15382	43.4
15606	43.3
15833	43.2
16063	43.1
16297	43.3
16534	43.4
16774	43.5
17018	43.9
17266	44.2
17517	44.6
17772	45.1
18030	45.6
18293	46.5
18559	47.3
18829	48.4
19102	49.4
19380	50.6
20000	53.7
overall dB	0.0 dB
decay	Average
averaging	No Smoothing
source	Totally Made Up


saved	--/-/--, --:-- AM
peak	0.0Hz
