
Frequency	dB	Unweighted
19.5	61.8 
19.8	61.9 
20.1	61.9 
20.3	62.1 
20.6	62.1 
20.9	62.3 
21.2	62.5 
21.6	62.6 
21.9	62.6 
22.2	62.8 
22.5	62.8 
22.8	63   
23.2	63.1 
23.5	63.2 
23.8	63.3 
24.2	63.3 
24.5	63.5 
24.9	63.5 
25.3	63.7 
25.6	63.8 
26	63.7   
26.4	63.9 
26.8	64.1 
27.2	64.1 
27.5	64.2 
28	64.3   
28.4	64.3 
28.8	64.4 
29.2	64.5 
29.6	64.7 
30	64.6   
30.5	64.7 
30.9	64.9 
31.4	64.9 
31.8	64.9 
32.3	65.1 
32.8	65.1 
33.2	65.1 
33.7	65.3 
34.2	65.3 
34.7	65.5 
35.2	65.5 
35.7	65.6 
36.2	65.6 
36.8	65.7 
37.3	65.8 
37.9	65.7 
38.4	65.9 
39	65.8   
39.5	66   
40.1	66   
40.7	66.1 
41.3	66.2 
41.9	66.3 
42.5	66.3 
43.1	66.5 
43.7	66.5 
44.4	66.5 
45	66.6   
45.7	66.7 
46.3	66.7 
47	66.8   
47.7	66.8 
48.4	66.8 
49.1	67   
49.8	67   
50.5	67.1 
51.3	67   
52	67.2   
52.8	67.2 
53.5	67.1 
54.3	67.3 
55.1	67.3 
55.9	67.2 
56.7	67.4 
57.5	67.5 
58.4	67.4 
59.2	67.6 
60.1	67.5 
61	67.6   
61.8	67.7 
62.7	67.6 
63.7	67.8 
64.6	67.7 
65.5	67.8 
66.5	67.8 
67.4	68   
68.4	68   
69.4	68   
70.4	68   
71.5	68   
72.5	68   
73.5	68.1 
74.6	68.2 
75.7	68.2 
76.8	68.2 
77.9	68.1 
79.1	68.2 
80.2	68.1 
81.4	68.2 
82.6	68.3 
83.8	68.3 
85	68.4   
86.2	68.4 
87.5	68.3 
88.7	68.3 
90	68.3   
91.3	68.4 
92.7	68.5 
94	68.3   
95.4	68.3 
96.8	68.5 
98.2	68.4 
99.6	68.5 
101	68.5  
103	68.4  
104	68.4  
106	68.4  
107	68.3  
109	68.4  
110	68.4  
112	68.4  
113	68.4  
115	68.3  
117	68.3  
118	68.3  
120	68.3  
122	68.3  
124	68.2  
125	68.3  
127	68.2  
129	68    
131	68    
133	68.1  
135	68    
137	68    
139	67.9  
141	67.8  
143	67.9  
145	67.9  
147	67.9  
149	67.9  
151	67.8  
154	67.8  
156	67.8  
158	67.7  
160	67.6  
163	67.6  
165	67.5  
168	67.5  
170	67.6  
172	67.6  
175	67.5  
177	67.4  
180	67.3  
183	67.3  
185	67.3  
188	67.2  
191	67.3  
194	67.2  
196	67.1  
199	67    
202	67.1  
205	67    
208	66.8  
211	66.8  
214	66.9  
217	66.8  
220	66.7  
224	66.7  
227	66.6  
230	66.5  
234	66.4  
237	66.3  
240	66.4  
244	66.2  
247	66.2  
251	66.1  
255	66    
258	66    
262	65.9  
266	65.8  
270	65.8  
274	65.6  
278	65.5  
282	65.4  
286	65.4  
290	65.2  
294	65.2  
298	65.1  
303	65    
307	64.8  
312	64.8  
316	64.6  
321	64.6  
325	64.5  
330	64.4  
335	64.2  
340	64    
345	64    
350	63.9  
355	63.7  
360	63.6  
365	63.6  
371	63.3  
376	63.2  
382	63.1  
387	62.9  
393	62.8  
398	62.7  
404	62.6  
410	62.4  
416	62.3  
422	62.3  
428	62    
434	61.8  
441	61.8  
447	61.7  
454	61.4  
460	61.4  
467	61.3  
474	61    
481	60.8  
488	60.9  
495	60.6  
502	60.6  
509	60.5  
517	60.2  
524	60.2  
532	60    
540	59.9  
547	59.6  
555	59.5  
563	59.5  
572	59.3  
580	59.2  
588	59.2  
597	58.9  
606	58.8  
614	58.7  
623	58.7  
632	58.6  
642	58.4  
651	58.2  
660	58    
670	57.9  
680	57.9  
690	57.8  
700	57.6  
710	57.5  
720	57.5  
731	57.3  
741	57.3  
752	57.2  
763	57.1  
774	57.1  
785	56.9  
797	56.8  
808	56.7  
820	56.7  
832	56.6  
844	56.4  
856	56.3  
869	56.3  
882	56.3  
894	56.2  
907	56.1  
921	56.2  
934	56    
948	56    
961	56    
975	56    
990	55.8  
1004	55.7 
1019	55.8 
1033	55.7 
1048	55.8 
1064	55.8 
1079	55.7 
1095	55.7 
1111	55.7 
1127	55.8 
1143	55.8 
1160	55.8 
1177	55.9 
1194	55.8 
1211	55.8 
1229	55.9 
1247	55.9 
1265	56   
1283	56.2 
1302	56.3 
1321	56.2 
1340	56.3 
1360	56.6 
1379	56.7 
1399	56.8 
1420	57   
1440	57.1 
1461	57.2 
1483	57.5 
1504	57.6 
1526	57.7 
1548	57.9 
1571	58.2 
1594	58.4 
1617	58.7 
1640	58.9 
1664	59.3 
1688	59.6 
1713	59.9 
1738	60.2 
1763	60.5 
1789	60.9 
1815	61.3 
1841	61.6 
1868	62.1 
1895	62.4 
1923	62.9 
1951	63.4 
1979	63.7 
2008	64.1 
2037	64.6 
2067	65.1 
2097	65.6 
2127	66.1 
2158	66.6 
2190	67.2 
2221	67.7 
2254	68.2 
2287	68.8 
2320	69.4 
2354	69.9 
2388	70.3 
2423	70.8 
2458	71.4 
2494	71.9 
2530	72.3 
2567	72.9 
2604	73.3 
2642	73.7 
2680	74.1 
2719	74.7 
2759	75.1 
2799	75.2 
2840	75.7 
2881	75.8 
2923	76.2 
2965	76.5 
3008	76.6 
3052	76.7 
3097	76.8 
3142	76.8 
3187	76.8 
3234	76.8 
3281	76.7 
3328	76.5 
3377	76.4 
3426	76   
3476	75.9 
3526	75.5 
3578	75   
3630	74.6 
3682	74.1 
3736	73.7 
3790	73.2 
3846	72.7 
3901	72.1 
3958	71.4 
4016	70.8 
4074	70.4 
4133	69.5 
4194	68.9 
4255	68.4 
4316	67.8 
4379	67.3 
4443	67   
4508	66.8 
4573	66.7 
4640	66.7 
4707	66.7 
4776	66.7 
4845	66.7 
4916	66.7 
4987	66.4 
5060	66   
5133	65.5 
5208	65   
5284	64   
5360	63.3 
5438	62.4 
5518	61.6 
5598	60.9 
5679	60.4 
5762	60.1 
5846	59.8 
5931	59.8 
6017	59.8 
6104	59.7 
6193	59.9 
6283	60.1 
6375	60.2 
6467	60.2 
6561	60.4 
6657	60.3 
6754	60.4 
6852	60.3 
6952	60.3 
7053	60.4 
7155	60.3 
7259	60.3 
7365	60.4 
7472	60.7 
7581	61   
7691	61.5 
7803	61.9 
7916	62   
8032	62   
8148	61.8 
8267	61.9 
8387	61.8 
8509	62.1 
8633	62.5 
8758	62.8 
8886	63.4 
9015	63.8 
9146	64.4 
9279	64.9 
9414	65.5 
9551	66.3 
9690	67   
9831	67.3 
9974	67.7 
10119	67.5
10266	67.3
10416	66.9
10567	66.7
10721	66.3
10877	65.9
11035	65.7
11196	65.4
11358	64.8
11524	63.9
11691	62.8
11861	61.6
12034	60.1
12209	58.7
12386	57.4
12567	56.3
12749	55.1
12935	53.9
13123	52.7
13314	51.5
13507	50.4
13704	49.2
13903	48.4
14105	47.7
14311	47  
14519	46.4
14730	46.1
14944	45.7
15162	45.4
15382	45.2
15606	45.1
15833	45.1
16063	45.1
16297	45.1
16534	45.3
16774	45.4
17018	45.8
17266	46  
17517	46.7
17772	47.3
18030	47.9
18293	48.9
18559	49.9
18829	51.1
19102	52.5
19380	54  
20000	57.6
overall dB	0.0 dB
decay	Average
averaging	No Smoothing
source	Totally Made Up


saved	--/-/--, --:-- AM
peak	0.0Hz
