
Frequency	dB	Unweighted
19.5	64.1 
19.8	64   
20.1	64.5 
20.3	64.3 
20.6	64   
20.9	64.1 
21.2	64.4 
21.6	64.4 
21.9	64.7 
22.2	64.4 
22.5	64.7 
22.8	64.8 
23.2	64.4 
23.5	64.9 
23.8	64.6 
24.2	64.8 
24.5	65.1 
24.9	64.9 
25.3	65   
25.6	65   
26	65     
26.4	64.9 
26.8	65.4 
27.2	65.4 
27.5	65.2 
28	65.4   
28.4	65.5 
28.8	65.6 
29.2	65.2 
29.6	65.6 
30	65.7   
30.5	65.4 
30.9	65.4 
31.4	65.4 
31.8	65.3 
32.3	65.4 
32.8	65.9 
33.2	65.5 
33.7	65.7 
34.2	65.8 
34.7	65.8 
35.2	66.1 
35.7	66   
36.2	66   
36.8	65.7 
37.3	66   
37.9	65.9 
38.4	66.3 
39	66.1   
39.5	66.4 
40.1	66.1 
40.7	66.1 
41.3	66.3 
41.9	66.1 
42.5	66.5 
43.1	66.2 
43.7	66.7 
44.4	66.2 
45	66.5   
45.7	66.4 
46.3	66.4 
47	66.5   
47.7	66.7 
48.4	66.9 
49.1	66.5 
49.8	67   
50.5	67   
51.3	66.6 
52	67     
52.8	66.6 
53.5	67   
54.3	67   
55.1	66.7 
55.9	67.1 
56.7	66.8 
57.5	66.8 
58.4	66.9 
59.2	67   
60.1	67.1 
61	67.1   
61.8	67.2 
62.7	67.1 
63.7	67   
64.6	67.1 
65.5	67.5 
66.5	67.5 
67.4	67.3 
68.4	67.4 
69.4	67.2 
70.4	67.4 
71.5	67.2 
72.5	67.1 
73.5	67.4 
74.6	67.5 
75.7	67.7 
76.8	67.2 
77.9	67.3 
79.1	67.2 
80.2	67.2 
81.4	67.5 
82.6	67.5 
83.8	67.4 
85	67.4   
86.2	67.4 
87.5	67.5 
88.7	67.7 
90	67.4   
91.3	67.5 
92.7	67.3 
94	67.7   
95.4	67.7 
96.8	67.2 
98.2	67.7 
99.6	67.8 
101	67.5  
103	67.7  
104	67.7  
106	67.8  
107	67.5  
109	67.7  
110	67.2  
112	67.7  
113	67.4  
115	67.6  
117	67.6  
118	67.5  
120	67.5  
122	67.2  
124	67    
125	67.2  
127	67.3  
129	67    
131	67    
133	67.3  
135	67    
137	67.2  
139	67    
141	67.2  
143	67    
145	66.8  
147	67    
149	67.1  
151	67.1  
154	66.7  
156	66.7  
158	66.5  
160	66.4  
163	66.7  
165	66.4  
168	66.7  
170	66.5  
172	66.3  
175	66.6  
177	66.5  
180	66.5  
183	66.2  
185	66.4  
188	66    
191	65.9  
194	65.9  
196	66    
199	66.1  
202	66.2  
205	65.6  
208	65.9  
211	65.7  
214	65.5  
217	65.5  
220	65.6  
224	65.3  
227	65.3  
230	65.5  
234	65    
237	65.3  
240	64.9  
244	65.2  
247	64.8  
251	64.7  
255	64.9  
258	64.8  
262	64.8  
266	64.7  
270	64.6  
274	64.1  
278	64.3  
282	64    
286	63.8  
290	64    
294	63.7  
298	63.4  
303	63.2  
307	63.3  
312	63.1  
316	63.1  
321	63.2  
325	62.7  
330	62.7  
335	62.5  
340	62.6  
345	62.4  
350	61.9  
355	62    
360	62    
365	61.8  
371	61.6  
376	61.3  
382	61.1  
387	61.1  
393	61.1  
398	61.1  
404	60.7  
410	60.6  
416	60.3  
422	59.9  
428	60.1  
434	59.8  
441	59.7  
447	59.6  
454	59.6  
460	59.3  
467	59    
474	58.6  
481	58.5  
488	58.8  
495	58.2  
502	58.5  
509	58    
517	57.8  
524	57.8  
532	57.7  
540	57.8  
547	57.2  
555	57.5  
563	57.4  
572	57.1  
580	56.9  
588	56.9  
597	56.9  
606	56.3  
614	56.2  
623	56.4  
632	56.2  
642	56    
651	56.4  
660	56.4  
670	56.3  
680	56.2  
690	56.2  
700	56    
710	55.6  
720	55.7  
731	55.8  
741	55.9  
752	55.8  
763	55.9  
774	56.2  
785	56.2  
797	56.2  
808	56    
820	56.1  
832	56.3  
844	56.3  
856	56.3  
869	56.6  
882	57.1  
894	57.2  
907	57.1  
921	57.6  
934	57.6  
948	57.6  
961	57.8  
975	58.6  
990	58.7  
1004	58.7 
1019	59   
1033	59.6 
1048	59.6 
1064	60   
1079	60.6 
1095	60.9 
1111	61.3 
1127	61.3 
1143	61.7 
1160	62.5 
1177	62.6 
1194	63   
1211	63.5 
1229	63.8 
1247	64.3 
1265	65   
1283	65.3 
1302	65.5 
1321	66.5 
1340	66.5 
1360	67.3 
1379	67.7 
1399	68   
1420	68.6 
1440	69.1 
1461	69.4 
1483	69.7 
1504	70.5 
1526	70.8 
1548	71.2 
1571	71.5 
1594	72.1 
1617	72.4 
1640	72.6 
1664	73.3 
1688	73.4 
1713	74   
1738	74.2 
1763	74.3 
1789	74.5 
1815	74.4 
1841	74.7 
1868	75.1 
1895	75.3 
1923	75.3 
1951	75.3 
1979	75   
2008	74.8 
2037	75.1 
2067	75   
2097	74.7 
2127	74.2 
2158	74.1 
2190	74.1 
2221	73.9 
2254	73.5 
2287	73   
2320	72.3 
2354	72.2 
2388	71.6 
2423	70.7 
2458	70.5 
2494	69.6 
2530	68.9 
2567	68.6 
2604	67.8 
2642	66.9 
2680	66.3 
2719	65.8 
2759	65   
2799	64.3 
2840	63.9 
2881	63.2 
2923	62.4 
2965	61.5 
3008	61.2 
3052	60.2 
3097	59.9 
3142	58.9 
3187	58.4 
3234	58.2 
3281	57.7 
3328	57.3 
3377	57.1 
3426	56.8 
3476	56.3 
3526	56.3 
3578	56   
3630	56   
3682	56.2 
3736	56.4 
3790	56.9 
3846	57   
3901	57.7 
3958	58.3 
4016	58.9 
4074	59.1 
4133	60.1 
4194	60.7 
4255	61.6 
4316	62.8 
4379	63.6 
4443	64.5 
4508	65.7 
4573	66.9 
4640	67.6 
4707	69.1 
4776	69.6 
4845	70.7 
4916	71.8 
4987	73.1 
5060	74.3 
5133	75.1 
5208	76   
5284	76.5 
5360	77.3 
5438	77.7 
5518	78.5 
5598	78.3 
5679	78.8 
5762	79   
5846	79.2 
5931	79.1 
6017	78.5 
6104	78.3 
6193	77.5 
6283	77.4 
6375	76.6 
6467	75.7 
6561	74.6 
6657	73.3 
6754	72.1 
6852	70.9 
6952	69.6 
7053	68.1 
7155	66.8 
7259	65.4 
7365	64.1 
7472	62.7 
7581	61.3 
7691	60.3 
7803	59.1 
7916	58   
8032	57.4 
8148	56.6 
8267	56.4 
8387	56   
8509	55.8 
8633	55.7 
8758	56   
8886	56.3 
9015	57   
9146	57.8 
9279	58.2 
9414	59.7 
9551	60.2 
9690	61.6 
9831	62.5 
9974	63.2 
10119	64.4
10266	65.2
10416	65.8
10567	66.3
10721	66.7
10877	66.7
11035	67.1
11196	66.4
11358	66.2
11524	65.2
11691	64.6
11861	63.2
12034	61.3
12209	58.8
12386	54.1
12567	49.3
12749	52.3
12935	52.9
13123	52.1
13314	50.9
13507	49.7
13704	49  
13903	48.1
14105	47.9
14311	48  
14519	48.4
14730	49  
14944	49.6
15162	51.1
15382	52.2
15606	54.2
15833	56.1
16063	58  
16297	59.7
16534	61.8
16774	63  
17018	64.5
17266	65.5
17517	66.8
17772	66.7
18030	67.1
18293	66.6
18559	65.2
18829	64.3
19102	62.4
19380	60.5
20000	56.1
overall dB	0.0 dB
decay	Average
averaging	No Smoothing
source	Totally Made Up


saved	--/-/--, --:-- AM
peak	0.0Hz
