
Frequency	dB	Unweighted
19.5	58.3 
19.8	58.4 
20.1	58.6 
20.3	58.7 
20.6	58.9 
20.9	59   
21.2	59   
21.6	59.3 
21.9	59.4 
22.2	59.6 
22.5	59.6 
22.8	59.7 
23.2	59.8 
23.5	59.9 
23.8	60.1 
24.2	60.1 
24.5	60.2 
24.9	60.4 
25.3	60.4 
25.6	60.6 
26	60.7   
26.4	60.9 
26.8	60.9 
27.2	61   
27.5	61   
28	61.1   
28.4	61.3 
28.8	61.3 
29.2	61.5 
29.6	61.6 
30	61.6   
30.5	61.8 
30.9	61.9 
31.4	62   
31.8	62   
32.3	62.1 
32.8	62.2 
33.2	62.3 
33.7	62.4 
34.2	62.5 
34.7	62.6 
35.2	62.7 
35.7	62.7 
36.2	62.9 
36.8	62.8 
37.3	62.9 
37.9	62.9 
38.4	63   
39	63.1   
39.5	63.3 
40.1	63.3 
40.7	63.5 
41.3	63.5 
41.9	63.6 
42.5	63.6 
43.1	63.6 
43.7	63.8 
44.4	63.8 
45	63.9   
45.7	64   
46.3	64.1 
47	64     
47.7	64.1 
48.4	64.3 
49.1	64.3 
49.8	64.3 
50.5	64.4 
51.3	64.5 
52	64.6   
52.8	64.7 
53.5	64.6 
54.3	64.8 
55.1	64.9 
55.9	64.9 
56.7	65   
57.5	65.1 
58.4	65.2 
59.2	65.2 
60.1	65.1 
61	65.3   
61.8	65.3 
62.7	65.3 
63.7	65.4 
64.6	65.5 
65.5	65.6 
66.5	65.6 
67.4	65.6 
68.4	65.8 
69.4	65.8 
70.4	65.8 
71.5	65.9 
72.5	65.9 
73.5	65.9 
74.6	65.9 
75.7	66.1 
76.8	66.1 
77.9	66   
79.1	66.2 
80.2	66.2 
81.4	66.1 
82.6	66.3 
83.8	66.3 
85	66.2   
86.2	66.3 
87.5	66.3 
88.7	66.3 
90	66.3   
91.3	66.4 
92.7	66.4 
94	66.5   
95.4	66.5 
96.8	66.5 
98.2	66.6 
99.6	66.5 
101	66.6  
103	66.4  
104	66.6  
106	66.6  
107	66.6  
109	66.6  
110	66.5  
112	66.6  
113	66.5  
115	66.5  
117	66.6  
118	66.5  
120	66.5  
122	66.5  
124	66.5  
125	66.5  
127	66.3  
129	66.3  
131	66.3  
133	66.4  
135	66.2  
137	66.4  
139	66.2  
141	66.3  
143	66.2  
145	66.1  
147	66.1  
149	66.1  
151	66.1  
154	66    
156	66.1  
158	65.9  
160	66    
163	65.9  
165	65.9  
168	65.9  
170	65.9  
172	65.8  
175	65.6  
177	65.7  
180	65.6  
183	65.7  
185	65.5  
188	65.5  
191	65.4  
194	65.3  
196	65.3  
199	65.3  
202	65.1  
205	65.1  
208	65    
211	65    
214	64.9  
217	64.9  
220	64.8  
224	64.6  
227	64.7  
230	64.5  
234	64.5  
237	64.3  
240	64.3  
244	64.1  
247	64.1  
251	63.9  
255	63.8  
258	63.7  
262	63.6  
266	63.5  
270	63.5  
274	63.2  
278	63.2  
282	63    
286	62.9  
290	62.9  
294	62.8  
298	62.5  
303	62.4  
307	62.3  
312	62.1  
316	61.9  
321	61.9  
325	61.8  
330	61.5  
335	61.3  
340	61.2  
345	61.2  
350	60.9  
355	60.7  
360	60.6  
365	60.5  
371	60.3  
376	60.1  
382	60    
387	59.7  
393	59.6  
398	59.5  
404	59.2  
410	59.2  
416	58.9  
422	58.8  
428	58.5  
434	58.4  
441	58.2  
447	58.1  
454	57.9  
460	57.8  
467	57.6  
474	57.4  
481	57.2  
488	57    
495	56.9  
502	56.8  
509	56.5  
517	56.4  
524	56.3  
532	56.2  
540	56    
547	55.8  
555	55.6  
563	55.6  
572	55.4  
580	55.3  
588	55    
597	55    
606	54.9  
614	54.6  
623	54.5  
632	54.4  
642	54.3  
651	54.1  
660	54.2  
670	54    
680	53.8  
690	53.7  
700	53.6  
710	53.6  
720	53.5  
731	53.4  
741	53.2  
752	53.2  
763	53.2  
774	53.2  
785	53    
797	53.1  
808	52.8  
820	52.9  
832	52.8  
844	52.7  
856	52.7  
869	52.6  
882	52.7  
894	52.6  
907	52.6  
921	52.6  
934	52.6  
948	52.6  
961	52.6  
975	52.6  
990	52.6  
1004	52.7 
1019	52.7 
1033	52.8 
1048	52.8 
1064	52.8 
1079	53   
1095	53   
1111	53   
1127	53.3 
1143	53.4 
1160	53.4 
1177	53.6 
1194	53.8 
1211	53.9 
1229	54.1 
1247	54.3 
1265	54.5 
1283	54.8 
1302	55   
1321	55.3 
1340	55.4 
1360	55.9 
1379	56   
1399	56.5 
1420	56.8 
1440	57.2 
1461	57.4 
1483	57.9 
1504	58.4 
1526	58.8 
1548	59.1 
1571	59.7 
1594	60.2 
1617	60.8 
1640	61.3 
1664	61.8 
1688	62.2 
1713	62.9 
1738	63.5 
1763	64.1 
1789	64.6 
1815	65.2 
1841	66   
1868	66.5 
1895	67.1 
1923	67.8 
1951	68.3 
1979	69   
2008	69.6 
2037	70.2 
2067	70.7 
2097	71.3 
2127	71.8 
2158	72.3 
2190	72.8 
2221	73.1 
2254	73.5 
2287	74   
2320	74.3 
2354	74.4 
2388	74.6 
2423	74.8 
2458	74.9 
2494	74.9 
2530	74.9 
2567	74.8 
2604	74.6 
2642	74.4 
2680	74.3 
2719	74   
2759	73.5 
2799	73   
2840	72.6 
2881	72   
2923	71.4 
2965	70.7 
3008	70.1 
3052	69.3 
3097	68.6 
3142	67.8 
3187	67   
3234	66.1 
3281	65.3 
3328	64.4 
3377	63.8 
3426	63.3 
3476	62.8 
3526	62.5 
3578	62.1 
3630	62.1 
3682	62.3 
3736	62.3 
3790	62.4 
3846	62.4 
3901	62.3 
3958	62.2 
4016	61.7 
4074	61.3 
4133	60.6 
4194	59.7 
4255	58.6 
4316	57.5 
4379	56.5 
4443	55.7 
4508	55.1 
4573	54.5 
4640	54.1 
4707	53.9 
4776	54   
4845	54   
4916	54.1 
4987	54.5 
5060	54.7 
5133	55.2 
5208	55.6 
5284	56.2 
5360	56.7 
5438	57.4 
5518	58.1 
5598	58.7 
5679	59.9 
5762	61.1 
5846	62.4 
5931	64.1 
6017	66   
6104	67.8 
6193	69.4 
6283	71   
6375	72.1 
6467	72.9 
6561	73.5 
6657	73.7 
6754	74.1 
6852	74.4 
6952	74.5 
7053	75.1 
7155	75   
7259	75.1 
7365	75.2 
7472	75.2 
7581	74.9 
7691	74.2 
7803	72.9 
7916	71.3 
8032	69.6 
8148	67.2 
8267	64.7 
8387	61.9 
8509	59.2 
8633	57.2 
8758	55   
8886	52.9 
9015	50.7 
9146	48.5 
9279	46.3 
9414	44.2 
9551	42.3 
9690	40.5 
9831	38.9 
9974	37.8 
10119	36.5
10266	35.7
10416	34.9
10567	34.4
10721	33.8
10877	33.6
11035	33.6
11196	33.6
11358	33.9
11524	34.2
11691	34.8
11861	35.6
12034	36.2
12209	37.2
12386	38.5
12567	39.9
12749	41.6
12935	43.2
13123	44.8
13314	46.6
13507	48.6
13704	50.2
13903	50.8
14105	49.6
14311	47.2
14519	53.3
14730	55  
14944	55.5
15162	55  
15382	54.1
15606	52.7
15833	50.9
16063	49  
16297	46.9
16534	44.6
16774	42.6
17018	40.6
17266	38.6
17517	37.2
17772	36  
18030	35.1
18293	34.4
18559	33.8
18829	33.4
19102	33.5
19380	33.3
20000	33.9
overall dB	0.0 dB
decay	Average
averaging	No Smoothing
source	Totally Made Up


saved	--/-/--, --:-- AM
peak	0.0Hz
