x	LEFT













20.0527	37.4904
20.3383	37.5329
20.6281	37.5756
20.9219	37.6184
21.2199	37.6613
21.5222	37.7044
21.8288	37.7478
22.1397	37.7923
22.4551	37.8273
22.775	37.8614
23.0994	37.8959
23.4285	37.9306
23.762	37.9655
24.101	38.0005
24.444	38.0356
24.792	38.0702
25.145	38.1047
25.504	38.1392
25.867	38.1738
26.235	38.2083
26.609	38.2429
26.988	38.2776
27.373	38.3118
27.762	38.3457
28.158	38.3798
28.559	38.4141
28.966	38.4485
29.378	38.4832
29.797	38.5184
30.221	38.5495
30.652	38.5744
31.089	38.6001
31.531	38.626
31.981	38.6522
32.436	38.6785
32.898	38.7051
33.367	38.7324
33.842	38.7553
34.324	38.7797
34.813	38.8043
35.309	38.829
35.812	38.854
36.322	38.8792
36.84	38.9053
37.364	38.9228
37.897	38.9395
38.436	38.9567
38.984	38.9741
39.539	38.9916
40.102	39.0094
40.674	39.0284
41.253	39.0439
41.841	39.0599
42.437	39.076
43.041	39.0923
43.654	39.1088
44.276	39.1256
44.907	39.1428
45.547	39.1579
46.195	39.1654
46.854	39.1737
47.521	39.1823
48.198	39.1912
48.884	39.2002
49.581	39.2095
50.287	39.2192
51.003	39.2255
51.73	39.2327
52.467	39.2402
53.214	39.248
53.972	39.2563
54.741	39.2652
55.521	39.2754
56.312	39.2712
57.114	39.2611
57.928	39.252
58.753	39.2437
59.59	39.2358
60.438	39.2285
61.299	39.2218
62.173	39.2131
63.058	39.1947
63.956	39.1771
64.868	39.16
65.792	39.1431
66.729	39.1263
67.679	39.1095
68.643	39.0929
69.621	39.0775
70.613	39.0617
71.619	39.0458
72.639	39.0296
73.674	39.0131
74.723	38.9961
75.788	38.9779
76.867	38.9714
77.962	38.9704
79.073	38.969
80.199	38.9676
81.342	38.9665
82.5	38.966
83.676	38.967
84.867	38.9738
86.076	38.9242
87.303	38.8896
88.546	38.856
89.807	38.8229
91.087	38.7899
92.384	38.7566
93.7	38.7231
95.035	38.7094
96.389	38.6938
97.762	38.6776
99.154	38.6608
100.567	38.6436
101.999	38.626
103.452	38.6076
104.926	38.5952
106.421	38.5861
107.937	38.5767
109.474	38.5673
111.034	38.558
112.615	38.5492
114.22	38.5414
115.847	38.5244
117.497	38.4974
119.171	38.4716
120.868	38.4465
122.59	38.4219
124.336	38.3978
126.107	38.3743
127.904	38.3525
129.726	38.3144
131.574	38.2785
133.448	38.243
135.349	38.2076
137.277	38.1721
139.232	38.1362
141.216	38.102
143.227	38.0783
145.268	38.0537
147.337	38.0288
149.436	38.0037
151.564	37.9784
153.723	37.9529
155.913	37.9273
158.134	37.9019
160.387	37.8765
162.671	37.851
164.989	37.8253
167.339	37.7995
169.723	37.7733
172.14	37.7466
174.592	37.7262
177.08	37.7091
179.602	37.6915
182.16	37.6739
184.755	37.6562
187.387	37.6386
190.056	37.6213
192.764	37.6055
195.51	37.5634
198.295	37.5341
201.119	37.5057
203.984	37.4779
206.89	37.4504
209.837	37.4232
212.826	37.3962
215.858	37.3695
218.933	37.343
222.051	37.3166
225.215	37.2904
228.423	37.2643
231.677	37.2385
234.977	37.2128
238.32	37.1872
241.72	37.1618
245.16	37.1367
248.65	37.1117
252.2	37.0869
255.79	37.0623
259.43	37.0379
263.13	37.0138
266.88	36.9899
270.68	36.9663
274.53	36.9431
278.44	36.9201
282.41	36.8976
286.43	36.8755
290.51	36.8537
294.65	36.8323
298.85	36.8112
303.11	36.7906
307.42	36.7702
311.8	36.7502
316.25	36.7305
320.75	36.7111
325.32	36.692
329.95	36.6731
334.65	36.6544
339.42	36.6358
344.26	36.6171
349.16	36.5983
354.13	36.5796
359.18	36.5613
364.29	36.544
369.48	36.5281
374.75	36.514
380.09	36.5016
385.5	36.4906
390.99	36.4806
396.56	36.4712
402.21	36.4623
407.94	36.4539
413.75	36.4459
419.64	36.4383
425.62	36.4294
431.68	36.4207
437.83	36.4121
444.07	36.4036
450.4	36.3953
456.81	36.3872
463.32	36.3797
469.92	36.3661
476.61	36.3499
483.4	36.3339
490.29	36.3176
497.27	36.301
504.36	36.2837
511.54	36.2647
518.83	36.2612
526.22	36.271
533.71	36.2794
541.32	36.2872
549.03	36.2945
556.85	36.3017
564.78	36.3089
572.83	36.3157
580.99	36.3155
589.26	36.3158
597.66	36.3162
606.17	36.3166
614.8	36.317
623.56	36.317
632.45	36.3164
641.45	36.3234
650.59	36.3336
659.86	36.343
669.26	36.3519
678.79	36.3603
688.46	36.3679
698.27	36.3744
708.22	36.385
718.3	36.4161
728.54	36.4448
738.91	36.4722
749.44	36.4984
760.12	36.5233
770.94	36.5461
781.93	36.5632
793.06	36.6374
804.36	36.7018
815.82	36.7641
827.44	36.8247
839.23	36.8835
851.18	36.9401
863.31	36.9914
875.6	37.1011
888.08	37.2086
900.73	37.3134
913.56	37.4161
926.57	37.5171
939.77	37.6154
953.16	37.7289
966.74	37.8683
980.51	38.0044
994.47	38.1388
1008.64	38.2717
1023.01	38.4027
1037.58	38.5444
1052.36	38.7016
1067.35	38.8573
1082.56	39.0121
1097.98	39.1665
1113.62	39.3205
1129.48	39.4747
1145.57	39.6296
1161.89	39.7845
1178.44	39.9397
1195.23	40.0952
1212.25	40.2513
1229.52	40.401
1247.04	40.5447
1264.8	40.6893
1282.82	40.8345
1301.09	40.9802
1319.62	41.1268
1338.42	41.2663
1357.49	41.4006
1376.82	41.5356
1396.44	41.6708
1416.33	41.806
1436.51	41.9412
1456.97	42.0788
1477.72	42.2176
1498.77	42.3562
1520.12	42.4945
1541.78	42.6326
1563.74	42.7702
1586.01	42.9109
1608.61	43.0574
1631.52	43.2031
1654.76	43.3484
1678.33	43.4931
1702.24	43.6371
1726.49	43.7861
1751.08	43.9429
1776.03	44.0988
1801.33	44.2542
1826.99	44.4091
1853.01	44.5635
1879.41	44.7216
1906.18	44.8844
1933.33	45.0471
1960.87	45.21
1988.81	45.3735
2017.14	45.5387
2045.87	45.6845
2075.01	45.8272
2104.57	45.9712
2134.55	46.1164
2164.96	46.2631
2195.8	46.4128
2227.08	46.5323
2258.8	46.65
2290.98	46.7706
2323.61	46.8941
2356.71	47.0218
2390.3	47.1602
2424.3	47.2025
2458.9	47.2403
2493.9	47.2824
2529.4	47.3276
2565.4	47.3757
2602	47.4276
2639.1	47.4848
2676.7	47.4664
2714.8	47.4545
2753.5	47.4452
2792.7	47.4376
2832.5	47.4314
2872.8	47.4266
2913.7	47.424
2955.2	47.405
2997.3	47.3764
3040	47.3492
3083.3	47.3227
3127.3	47.2965
3171.8	47.2706
3217	47.2448
3262.8	47.2191
3309.3	47.1934
3356.4	47.1676
3404.2	47.1417
3452.7	47.1157
3501.9	47.0896
3551.8	47.0635
3602.4	47.0374
3653.7	47.0115
3705.8	46.9863
3758.5	46.9602
3812.1	46.9273
3866.4	46.8816
3921.5	46.8222
3977.3	46.7517
4034	46.671
4091.4	46.5791
4149.7	46.474
4208.8	46.3523
4268.8	46.2079
4329.6	46.0295
4391.3	45.8051
4453.8	45.5303
4517.3	45.2119
4581.6	44.8731
4646.9	44.538
4713.1	44.2006
4780.2	43.8472
4848.3	43.4552
4917.4	43.0086
4987.4	42.5733
5058.5	42.204
5130.5	41.894
5203.6	41.617
5277.7	41.3611
5352.9	41.1236
5429.2	40.9204
5506.5	40.8535
5584.9	40.7394
5664.5	40.6166
5745.2	40.5021
5827	40.401
5910	40.3162
5994.2	40.2507
6079.6	40.2076
6166.2	40.1901
6254.1	40.1975
6343.1	40.2282
6433.5	40.2818
6525.1	40.3591
6618.1	40.4626
6712.4	40.5977
6808	40.7768
6905	41.0303
7003.3	41.4151
7103.1	41.9955
7204.3	42.6265
7306.9	43.2389
7411	43.8812
7516.5	44.585
7623.6	45.349
7732.2	46.1734
7842.4	47.0597
7954.1	47.8826
8067.4	48.4321
8182.3	48.5338
8298.9	48.2212
8417.1	47.6821
8537	47.0472
8658.6	46.4035
8781.9	45.7901
8907	45.2138
9033.9	44.7291
9162.6	44.3995
9293.1	44.2753
9425.5	44.3811
9559.7	44.6482
9695.9	44.9958
9834	45.3512
9974.1	45.6547
10116.2	45.8816
10260.3	46.0029
10406.5	45.9372
10554.7	45.411
10705.1	44.1311
10857.6	42.8511
11012.2	41.5406
11169.1	40.3663
11328.2	38.8637
11489.6	38.2745
11653.2	37.9623
11819.2	37.7101
11987.6	37.4627
12158.3	37.1698
12331.5	36.711
12507.2	35.8251
12685.4	34.5725
12866.1	32.9126
13049.3	31.1809
13235.2	28.5754
13423.8	26.7488
13615	23.6402
13808.9	21.9234
14005.6	20.1976
14205.1	18.4752
14407.5	16.9597
14612.7	15.6193
14820.9	13.768
15032	12.3045
15246.1	11.0657
15463.3	9.7808
15683.6	8.7621
15907	7.8921
16133.6	7.0296
16363.4	6.0399
16596.5	5.0829
16832.9	4.2329
17072.7	3.3168
17315.9	2.2905
17562.6	1.2901
