* Measurement data measured by REW V5.20.5
* Source: zencan xbass Filtered
* Format: 
* Dated: 13-Jul-2022 14:35:09
* REW Settings:
*  C-weighting compensation: Off
*  Target level: 0.2 dB
* Note: No active filters, result is a pure impulse
* Measurement: FLAT
* Smoothing: 1/24 octave
* Frequency Step: 1/48 octave
* Start Frequency: 20.000 Hz
*
* Freq(Hz)	SPL(dB)	Phase(degrees)
20.000000	0.010	-0.0000
20.299999	0.010	-0.0000
20.600000	0.010	0.0000
20.900000	0.010	0.0000
21.200001	0.010	0.0000
21.400000	0.010	0.0000
21.799999	0.010	-0.0000
22.000000	0.010	-0.0000
22.400000	0.010	-0.0000
22.700001	0.010	-0.0000
23.000000	0.010	0.0000
23.299999	0.010	0.0000
23.600000	0.010	-0.0000
24.000000	0.010	-0.0000
24.299999	0.010	-0.0000
24.700001	0.010	-0.0000
25.000000	0.010	-0.0000
25.400000	0.010	-0.0000
25.799999	0.010	-0.0000
26.200001	0.010	0.0000
26.500000	0.010	0.0000
26.900000	0.010	-0.0000
27.200001	0.010	-0.0000
27.600000	0.010	-0.0000
28.000000	0.010	-0.0000
28.500000	0.010	-0.0000
29.000000	0.010	-0.0000
29.500000	0.010	-0.0000
30.000000	0.010	-0.0000
30.400000	0.010	-0.0000
30.700001	0.010	-0.0000
31.100000	0.010	-0.0000
31.500000	0.010	-0.0000
32.000000	0.010	-0.0000
32.500000	0.010	-0.0000
33.000000	0.010	-0.0000
33.500000	0.010	-0.0000
34.000000	0.010	-0.0000
34.500000	0.010	-0.0000
35.000000	0.010	-0.0000
35.500000	0.010	0.0000
36.000000	0.010	0.0000
36.500000	0.010	0.0000
37.000000	0.010	0.0000
37.500000	0.010	-0.0000
38.200001	0.010	-0.0000
38.700001	0.010	-0.0000
39.500000	0.010	-0.0000
40.000000	0.010	-0.0000
40.599998	0.010	-0.0000
41.200001	0.010	-0.0000
41.799999	0.010	-0.0000
42.500000	0.010	-0.0000
43.099998	0.010	-0.0000
43.700001	0.010	-0.0000
44.400002	0.010	-0.0000
45.000000	0.010	-0.0000
45.500000	0.010	-0.0000
46.200001	0.010	-0.0000
46.799999	0.010	-0.0000
47.500000	0.010	-0.0000
48.200001	0.010	-0.0000
48.700001	0.010	-0.0000
49.400002	0.010	-0.0000
50.000000	0.010	-0.0000
50.799999	0.010	-0.0000
51.500000	0.010	-0.0000
52.200001	0.010	-0.0000
53.000000	0.010	-0.0000
53.799999	0.010	-0.0000
54.500000	0.010	-0.0000
55.200001	0.010	-0.0000
56.000000	0.010	-0.0000
57.000000	0.010	-0.0000
58.000000	0.010	-0.0000
59.000000	0.010	-0.0000
60.000000	0.010	-0.0000
60.799999	0.010	-0.0000
61.500000	0.010	-0.0000
62.200001	0.010	-0.0000
63.000000	0.010	-0.0000
64.000000	0.010	-0.0000
65.000000	0.010	-0.0000
66.000000	0.010	-0.0000
67.000000	0.010	-0.0000
68.000000	0.010	-0.0000
69.000000	0.010	-0.0000
70.000000	0.010	-0.0000
71.000000	0.010	-0.0000
72.000000	0.010	-0.0000
73.000000	0.010	-0.0000
74.000000	0.010	-0.0000
75.000000	0.010	-0.0000
76.199997	0.010	-0.0000
77.500000	0.010	-0.0000
78.800003	0.010	-0.0000
80.000000	0.010	-0.0000
81.199997	0.010	-0.0000
82.500000	0.010	-0.0000
83.800003	0.010	-0.0000
85.000000	0.010	-0.0000
86.199997	0.010	-0.0000
87.500000	0.010	0.0000
88.500000	0.010	0.0000
90.000000	0.010	0.0000
91.199997	0.010	0.0000
92.500000	0.010	-0.0000
93.800003	0.010	-0.0000
95.000000	0.010	0.0000
96.199997	0.010	0.0000
97.500000	0.010	0.0000
98.800003	0.010	0.0000
100.000000	0.010	0.0000
101.500000	0.010	0.0000
103.000000	0.010	0.0000
104.400002	0.010	0.0000
106.000000	0.010	0.0000
107.500000	0.010	0.0000
109.000000	0.010	0.0000
110.599998	0.010	0.0000
112.000000	0.010	0.0000
113.800003	0.010	0.0000
115.000000	0.010	-0.0000
117.199997	0.010	0.0000
118.000000	0.010	-0.0000
120.599998	0.010	-0.0000
122.000000	0.010	0.0000
124.099998	0.010	-0.0000
125.000000	0.010	-0.0000
126.500000	0.010	-0.0000
128.000000	0.010	0.0000
131.500000	0.010	0.0000
132.000000	0.010	0.0000
134.000000	0.010	0.0000
136.000000	0.010	0.0000
138.000000	0.010	0.0000
140.000000	0.010	0.0000
143.000000	0.010	0.0000
145.000000	0.010	0.0000
147.500000	0.010	0.0000
150.000000	0.010	0.0000
152.500000	0.010	-0.0000
155.000000	0.010	-0.0000
157.500000	0.010	-0.0000
160.000000	0.010	-0.0000
162.500000	0.010	0.0000
165.000000	0.010	0.0000
167.500000	0.010	0.0000
170.000000	0.010	-0.0000
172.500000	0.010	0.0000
175.000000	0.010	0.0000
177.500000	0.010	0.0000
180.000000	0.010	-0.0000
182.500000	0.010	0.0000
185.000000	0.010	0.0000
187.500000	0.010	0.0000
190.000000	0.010	0.0000
192.500000	0.010	0.0000
195.000000	0.010	0.0000
197.500000	0.010	-0.0000
200.000000	0.010	-0.0000
203.000000	0.010	-0.0000
206.000000	0.010	-0.0000
209.000000	0.010	-0.0000
212.000000	0.010	-0.0000
214.000000	0.010	-0.0000
218.000000	0.010	0.0000
220.000000	0.010	0.0000
224.000000	0.010	0.0000
227.000000	0.010	0.0000
230.000000	0.010	0.0000
233.000000	0.010	0.0000
236.000000	0.010	0.0000
240.000000	0.010	0.0000
243.000000	0.010	-0.0000
247.000000	0.010	-0.0000
250.000000	0.010	0.0000
254.000000	0.010	0.0000
258.000000	0.010	0.0000
262.000000	0.010	0.0000
265.000000	0.010	0.0000
269.000000	0.010	0.0000
272.000000	0.010	0.0000
276.000000	0.010	0.0000
280.000000	0.010	0.0000
285.000000	0.010	0.0000
290.000000	0.010	0.0000
295.000000	0.010	0.0000
300.000000	0.010	0.0000
304.000000	0.010	0.0000
307.000000	0.010	0.0000
311.000000	0.010	0.0000
315.000000	0.010	0.0000
320.000000	0.010	0.0000
325.000000	0.010	0.0000
330.000000	0.010	0.0000
335.000000	0.010	0.0000
340.000000	0.010	0.0000
345.000000	0.010	0.0000
350.000000	0.010	-0.0000
355.000000	0.010	-0.0000
360.000000	0.010	-0.0000
365.000000	0.010	-0.0000
370.000000	0.010	-0.0000
375.000000	0.010	-0.0000
382.000000	0.010	-0.0000
387.000000	0.010	-0.0000
395.000000	0.010	-0.0000
400.000000	0.010	-0.0000
406.000000	0.010	-0.0000
412.000000	0.010	-0.0000
418.000000	0.010	-0.0000
425.000000	0.010	-0.0000
431.000000	0.010	-0.0000
437.000000	0.010	0.0000
444.000000	0.010	0.0000
450.000000	0.010	0.0000
455.000000	0.010	0.0000
462.000000	0.010	0.0000
468.000000	0.010	0.0000
475.000000	0.010	0.0000
482.000000	0.010	0.0000
487.000000	0.010	0.0000
494.000000	0.010	0.0000
500.000000	0.010	0.0000
508.000000	0.010	0.0000
515.000000	0.010	0.0000
522.000000	0.010	0.0000
530.000000	0.010	0.0000
538.000000	0.010	0.0000
545.000000	0.010	-0.0000
552.000000	0.010	-0.0000
560.000000	0.010	0.0000
570.000000	0.010	0.0000
580.000000	0.010	0.0000
590.000000	0.010	0.0000
600.000000	0.010	0.0000
608.000000	0.010	0.0000
615.000000	0.010	0.0000
622.000000	0.010	0.0000
630.000000	0.010	0.0000
640.000000	0.010	0.0000
650.000000	0.010	0.0000
660.000000	0.010	0.0000
670.000000	0.010	0.0000
680.000000	0.010	0.0000
690.000000	0.010	0.0000
700.000000	0.010	-0.0000
710.000000	0.010	-0.0000
720.000000	0.010	-0.0000
730.000000	0.010	-0.0000
740.000000	0.010	-0.0000
750.000000	0.010	-0.0000
762.000000	0.010	-0.0000
775.000000	0.010	-0.0000
788.000000	0.010	0.0000
800.000000	0.010	0.0000
812.000000	0.010	0.0000
825.000000	0.010	0.0000
838.000000	0.010	0.0000
850.000000	0.010	0.0000
862.000000	0.010	0.0000
875.000000	0.010	0.0000
885.000000	0.010	0.0000
900.000000	0.010	-0.0000
912.000000	0.010	0.0000
925.000000	0.010	0.0000
938.000000	0.010	0.0000
950.000000	0.010	0.0000
962.000000	0.010	0.0000
975.000000	0.010	0.0000
988.000000	0.010	0.0000
1000.000000	0.010	0.0000
1015.000000	0.010	0.0000
1030.000000	0.010	0.0000
1044.000000	0.010	-0.0000
1060.000000	0.010	-0.0000
1075.000000	0.010	-0.0000
1090.000000	0.010	-0.0000
1106.000000	0.010	-0.0000
1120.000000	0.010	-0.0000
1138.000000	0.010	-0.0000
1150.000000	0.010	0.0000
1172.000000	0.010	0.0000
1180.000000	0.010	0.0000
1206.000000	0.010	0.0000
1220.000000	0.010	0.0000
1241.000000	0.010	0.0000
1250.000000	0.010	0.0000
1265.000000	0.010	0.0000
1280.000000	0.010	0.0000
1315.000000	0.010	0.0000
1320.000000	0.010	0.0000
1340.000000	0.010	0.0000
1360.000000	0.010	0.0000
1380.000000	0.010	-0.0000
1400.000000	0.010	-0.0000
1430.000000	0.010	-0.0000
1450.000000	0.010	-0.0000
1475.000000	0.010	-0.0000
1500.000000	0.010	-0.0000
1525.000000	0.010	-0.0000
1550.000000	0.010	-0.0000
1575.000000	0.010	-0.0000
1600.000000	0.010	-0.0000
1625.000000	0.010	0.0000
1650.000000	0.010	0.0000
1675.000000	0.010	0.0000
1700.000000	0.010	0.0000
1725.000000	0.010	-0.0000
1750.000000	0.010	-0.0000
1775.000000	0.010	-0.0000
1800.000000	0.010	-0.0000
1825.000000	0.010	-0.0000
1850.000000	0.010	-0.0000
1875.000000	0.010	-0.0000
1900.000000	0.010	-0.0000
1925.000000	0.010	-0.0000
1950.000000	0.010	-0.0000
1975.000000	0.010	0.0000
2000.000000	0.010	0.0000
2030.000000	0.010	0.0000
2060.000000	0.010	-0.0000
2090.000000	0.010	-0.0000
2120.000000	0.010	-0.0000
2140.000000	0.010	-0.0000
2180.000000	0.010	-0.0000
2200.000000	0.010	-0.0000
2240.000000	0.010	-0.0000
2270.000000	0.010	-0.0000
2300.000000	0.010	0.0000
2330.000000	0.010	0.0000
2360.000000	0.010	0.0000
2400.000000	0.010	0.0000
2430.000000	0.010	-0.0000
2470.000000	0.010	-0.0000
2500.000000	0.010	-0.0000
2540.000000	0.010	-0.0000
2580.000000	0.010	-0.0000
2620.000000	0.010	-0.0000
2650.000000	0.010	0.0000
2690.000000	0.010	0.0000
2720.000000	0.010	0.0000
2760.000000	0.010	-0.0000
2800.000000	0.010	-0.0000
2850.000000	0.010	-0.0000
2900.000000	0.010	0.0000
2950.000000	0.010	0.0000
3000.000000	0.010	0.0000
3040.000000	0.010	0.0000
3070.000000	0.010	0.0000
3110.000000	0.010	0.0000
3150.000000	0.010	-0.0000
3200.000000	0.010	-0.0000
3250.000000	0.010	-0.0000
3300.000000	0.010	0.0000
3350.000000	0.010	0.0000
3400.000000	0.010	0.0000
3450.000000	0.010	0.0000
3500.000000	0.010	-0.0000
3550.000000	0.010	-0.0000
3600.000000	0.010	0.0000
3650.000000	0.010	0.0000
3700.000000	0.010	0.0000
3750.000000	0.010	0.0000
3820.000000	0.010	-0.0000
3870.000000	0.010	-0.0000
3950.000000	0.010	0.0000
4000.000000	0.010	0.0000
4060.000000	0.010	0.0000
4120.000000	0.010	0.0000
4180.000000	0.010	-0.0000
4250.000000	0.010	-0.0000
4310.000000	0.010	-0.0000
4370.000000	0.010	0.0000
4440.000000	0.010	0.0000
4500.000000	0.010	-0.0000
4550.000000	0.010	-0.0000
4620.000000	0.010	-0.0000
4680.000000	0.010	-0.0000
4750.000000	0.010	0.0000
4820.000000	0.010	-0.0000
4870.000000	0.010	-0.0000
4940.000000	0.010	-0.0000
5000.000000	0.010	-0.0000
5080.000000	0.010	-0.0000
5150.000000	0.010	-0.0000
5220.000000	0.010	-0.0000
5300.000000	0.010	-0.0000
5380.000000	0.010	-0.0000
5450.000000	0.010	0.0000
5520.000000	0.010	-0.0000
5600.000000	0.010	-0.0000
5700.000000	0.010	0.0000
5800.000000	0.010	0.0000
5900.000000	0.010	0.0000
6000.000000	0.010	0.0000
6080.000000	0.010	0.0000
6150.000000	0.010	0.0000
6220.000000	0.010	0.0000
6300.000000	0.010	0.0000
6400.000000	0.010	0.0000
6500.000000	0.010	0.0000
6600.000000	0.010	-0.0000
6700.000000	0.010	0.0000
6800.000000	0.010	0.0000
6900.000000	0.010	-0.0000
7000.000000	0.010	-0.0000
7100.000000	0.010	-0.0000
7200.000000	0.010	-0.0000
7300.000000	0.010	-0.0000
7400.000000	0.010	-0.0000
7500.000000	0.010	-0.0000
7620.000000	0.010	-0.0000
7750.000000	0.010	-0.0000
7880.000000	0.010	-0.0000
8000.000000	0.010	-0.0000
8120.000000	0.010	-0.0000
8250.000000	0.010	-0.0000
8380.000000	0.010	0.0000
8500.000000	0.010	0.0000
8620.000000	0.010	0.0000
8750.000000	0.010	-0.0000
8850.000000	0.010	0.0000
9000.000000	0.010	0.0000
9120.000000	0.010	0.0000
9250.000000	0.010	0.0000
9380.000000	0.010	0.0000
9500.000000	0.010	0.0000
9620.000000	0.010	0.0000
9750.000000	0.010	-0.0000
9880.000000	0.010	-0.0000
10000.000000	0.010	-0.0000
10150.000000	0.010	-0.0000
10300.000000	0.010	-0.0000
10440.000000	0.010	-0.0000
10600.000000	0.010	-0.0000
10750.000000	0.010	-0.0000
10900.000000	0.010	-0.0000
11060.000000	0.010	0.0000
11200.000000	0.010	0.0000
11380.000000	0.010	0.0000
11500.000000	0.010	0.0000
11720.000000	0.010	0.0000
11800.000000	0.010	0.0000
12060.000000	0.010	0.0000
12200.000000	0.010	0.0000
12410.000000	0.010	-0.0000
12500.000000	0.010	-0.0000
12650.000000	0.010	-0.0000
12800.000000	0.010	-0.0000
13150.000000	0.010	-0.0000
13200.000000	0.010	-0.0000
13400.000000	0.010	-0.0000
13600.000000	0.010	-0.0000
13800.000000	0.010	-0.0000
14000.000000	0.010	0.0000
14300.000000	0.010	0.0000
14500.000000	0.010	0.0000
14750.000000	0.010	0.0000
15000.000000	0.010	0.0000
15250.000000	0.010	-0.0000
15500.000000	0.010	-0.0000
15750.000000	0.010	-0.0000
16000.000000	0.010	-0.0000
16250.000000	0.010	-0.0000
16500.000000	0.010	-0.0000
16750.000000	0.010	0.0000
17000.000000	0.010	0.0000
17250.000000	0.010	0.0000
17500.000000	0.010	0.0000
17750.000000	0.010	0.0000
18000.000000	0.010	-0.0000
18250.000000	0.010	-0.0000
18500.000000	0.010	-0.0000
18750.000000	0.010	-0.0000
19000.000000	0.010	-0.0000
19250.000000	0.010	-0.0000
19500.000000	0.010	0.0000
19750.000000	0.010	0.0000
20000.000000	0.010	0.0000
