
Frequency	dB	Unweighted
19.5	60.4 
19.8	60.3 
20.1	60.9 
20.3	60.5 
20.6	60.7 
20.9	61   
21.2	61   
21.6	61.2 
21.9	60.9 
22.2	61.2 
22.5	61.3 
22.8	61.1 
23.2	61.4 
23.5	61.5 
23.8	61.4 
24.2	61.4 
24.5	61.3 
24.9	61.5 
25.3	61.8 
25.6	61.9 
26	61.6   
26.4	62   
26.8	61.9 
27.2	61.8 
27.5	61.8 
28	62.3   
28.4	62.3 
28.8	62.1 
29.2	62.1 
29.6	62.4 
30	62.4   
30.5	62.5 
30.9	62.1 
31.4	62.2 
31.8	62.4 
32.3	62.5 
32.8	62.8 
33.2	62.5 
33.7	62.6 
34.2	62.9 
34.7	63   
35.2	62.7 
35.7	62.6 
36.2	63.1 
36.8	62.9 
37.3	62.6 
37.9	62.9 
38.4	63   
39	63.2   
39.5	63.2 
40.1	63   
40.7	63   
41.3	63.1 
41.9	63   
42.5	63.2 
43.1	63.2 
43.7	63.2 
44.4	63.6 
45	63.6   
45.7	63.2 
46.3	63.4 
47	63.5   
47.7	63.5 
48.4	63.4 
49.1	63.5 
49.8	63.4 
50.5	63.5 
51.3	63.7 
52	63.8   
52.8	63.8 
53.5	63.9 
54.3	64   
55.1	64.2 
55.9	64.2 
56.7	64   
57.5	64.3 
58.4	64.2 
59.2	64.1 
60.1	64.1 
61	64.3   
61.8	64.4 
62.7	64.1 
63.7	64.1 
64.6	64.5 
65.5	64.1 
66.5	64   
67.4	64.3 
68.4	64.3 
69.4	64.5 
70.4	64.3 
71.5	64.4 
72.5	64.7 
73.5	64.3 
74.6	64.3 
75.7	64.6 
76.8	64.4 
77.9	64.3 
79.1	64.6 
80.2	64.4 
81.4	64.4 
82.6	64.5 
83.8	64.6 
85	64.5   
86.2	64.7 
87.5	64.8 
88.7	64.5 
90	64.8   
91.3	64.6 
92.7	64.5 
94	64.7   
95.4	64.7 
96.8	64.9 
98.2	64.7 
99.6	65   
101	64.5  
103	65    
104	64.6  
106	65.1  
107	64.6  
109	65.1  
110	65    
112	64.7  
113	64.8  
115	64.7  
117	64.7  
118	64.8  
120	65    
122	65.2  
124	64.8  
125	64.6  
127	65    
129	64.5  
131	65.1  
133	64.8  
135	65.1  
137	65.1  
139	65.1  
141	64.6  
143	64.9  
145	65    
147	64.9  
149	64.8  
151	64.8  
154	64.9  
156	64.7  
158	64.9  
160	64.8  
163	65    
165	64.9  
168	64.7  
170	65.1  
172	65.3  
175	64.7  
177	64.9  
180	64.8  
183	65.3  
185	65.2  
188	65.1  
191	65    
194	64.9  
196	65.1  
199	65.4  
202	65.2  
205	65    
208	65.5  
211	65.1  
214	65    
217	65    
220	65.4  
224	65.3  
227	65.5  
230	65.2  
234	65.4  
237	65.1  
240	65.6  
244	65.4  
247	65.6  
251	65.4  
255	65.4  
258	65.2  
262	65.2  
266	65.1  
270	65.3  
274	65.4  
278	65.4  
282	65.3  
286	65.1  
290	65.1  
294	65.5  
298	65.1  
303	65.3  
307	65.2  
312	64.9  
316	64.9  
321	64.8  
325	64.9  
330	65.2  
335	65.3  
340	65    
345	65.1  
350	64.9  
355	64.8  
360	65    
365	64.6  
371	64.4  
376	64.4  
382	64.6  
387	64.2  
393	64.5  
398	64.4  
404	64    
410	64.1  
416	64.1  
422	64.1  
428	64    
434	64    
441	63.8  
447	63.5  
454	63.7  
460	63.6  
467	63.6  
474	63.3  
481	63.3  
488	63.2  
495	62.9  
502	62.8  
509	62.9  
517	62.4  
524	62.5  
532	62.2  
540	62.3  
547	62    
555	61.8  
563	61.7  
572	61.5  
580	61.4  
588	61.5  
597	61.1  
606	61.1  
614	60.9  
623	60.9  
632	60.3  
642	60.4  
651	60.2  
660	59.8  
670	59.6  
680	59.6  
690	59.6  
700	59.4  
710	59    
720	59.2  
731	58.7  
741	58.7  
752	58.5  
763	58.5  
774	57.9  
785	57.6  
797	57.8  
808	57.4  
820	57.5  
832	57.1  
844	57.1  
856	56.5  
869	56.7  
882	56.4  
894	56.4  
907	56.2  
921	55.8  
934	55.8  
948	55.7  
961	55.2  
975	55.2  
990	55    
1004	54.9 
1019	54.7 
1033	54.8 
1048	54.4 
1064	54.5 
1079	54.3 
1095	54.4 
1111	54.3 
1127	53.9 
1143	53.8 
1160	54   
1177	54   
1194	53.8 
1211	53.9 
1229	53.7 
1247	53.6 
1265	53.8 
1283	53.7 
1302	53.7 
1321	54.1 
1340	54.1 
1360	53.8 
1379	53.7 
1399	54.1 
1420	54   
1440	54.5 
1461	54.6 
1483	54.3 
1504	54.4 
1526	55.1 
1548	55.1 
1571	55.4 
1594	55.3 
1617	55.5 
1640	55.6 
1664	56.2 
1688	56.4 
1713	56.4 
1738	56.6 
1763	56.9 
1789	57.4 
1815	57.7 
1841	57.8 
1868	58.6 
1895	58.4 
1923	59.2 
1951	59.3 
1979	59.7 
2008	59.9 
2037	60.8 
2067	60.9 
2097	61.4 
2127	61.9 
2158	61.9 
2190	62.3 
2221	63   
2254	63.6 
2287	63.9 
2320	64.3 
2354	64.8 
2388	65.2 
2423	65.9 
2458	66.4 
2494	66.6 
2530	67.3 
2567	67.6 
2604	68.3 
2642	68.7 
2680	69.1 
2719	69.4 
2759	69.7 
2799	70.1 
2840	70.7 
2881	71.1 
2923	71.5 
2965	71.7 
3008	72.2 
3052	72.3 
3097	72.5 
3142	73   
3187	73.2 
3234	73.5 
3281	73.8 
3328	73.9 
3377	74.6 
3426	74.6 
3476	74.6 
3526	74.5 
3578	74.9 
3630	74.7 
3682	74.6 
3736	74.8 
3790	75   
3846	74.5 
3901	74.7 
3958	74.8 
4016	74.7 
4074	74.4 
4133	74.4 
4194	73.9 
4255	73.9 
4316	73.7 
4379	73.3 
4443	72.6 
4508	72.8 
4573	72.4 
4640	72.1 
4707	71.5 
4776	70.8 
4845	70.3 
4916	69.8 
4987	69.3 
5060	68.9 
5133	68.5 
5208	68.3 
5284	67.4 
5360	67   
5438	66.3 
5518	65.7 
5598	65.3 
5679	64.7 
5762	64.4 
5846	63.6 
5931	63.3 
6017	63   
6104	62.6 
6193	62   
6283	61.7 
6375	61   
6467	61   
6561	60.1 
6657	59.7 
6754	59.1 
6852	58.8 
6952	58.2 
7053	57.8 
7155	56.9 
7259	56.5 
7365	55.7 
7472	55.1 
7581	55.2 
7691	54.3 
7803	54.2 
7916	53.5 
8032	53.4 
8148	53   
8267	52.6 
8387	52.3 
8509	52.3 
8633	52.4 
8758	52.2 
8886	52.1 
9015	52.1 
9146	52.3 
9279	52.5 
9414	52.7 
9551	53.3 
9690	53.5 
9831	53.9 
9974	54.7 
10119	54.7
10266	55.3
10416	56.1
10567	56.6
10721	56.9
10877	57.5
11035	57.9
11196	58.6
11358	59.3
11524	59.8
11691	59.9
11861	60.2
12034	60.9
12209	60.6
12386	60.6
12567	60.7
12749	60.7
12935	60  
13123	59.7
13314	59.3
13507	58.8
13704	57.7
13903	57.1
14105	56.4
14311	55.2
14519	54.4
14730	53.2
14944	52.3
15162	51.1
15382	49.5
15606	48.8
15833	47.3
16063	46.5
16297	45.2
16534	44  
16774	43  
17018	42.6
17266	41.6
17517	41.2
17772	40.6
18030	39.9
18293	39.9
18559	39.5
18829	39.7
19102	40.1
19380	40.3
20000	41.8
overall dB	0.0 dB
decay	Average
averaging	No Smoothing
source	Totally Made Up


saved	--/-/--, --:-- AM
peak	0.0Hz
