
Frequency	dB	Unweighted
19.5	63.9 
19.8	63.6 
20.1	64   
20.3	63.9 
20.6	63.7 
20.9	63.9 
21.2	64   
21.6	64.3 
21.9	64.5 
22.2	64.3 
22.5	64.5 
22.8	64.2 
23.2	64.3 
23.5	64.3 
23.8	64.7 
24.2	64.8 
24.5	64.5 
24.9	64.8 
25.3	64.9 
25.6	64.8 
26	64.8   
26.4	65   
26.8	64.9 
27.2	64.9 
27.5	65.4 
28	65.3   
28.4	65.3 
28.8	65.2 
29.2	65.6 
29.6	65.6 
30	65.6   
30.5	65.8 
30.9	65.3 
31.4	65.5 
31.8	65.9 
32.3	65.8 
32.8	65.9 
33.2	65.6 
33.7	65.9 
34.2	65.6 
34.7	65.9 
35.2	66   
35.7	65.8 
36.2	66.1 
36.8	66.3 
37.3	66.3 
37.9	66.5 
38.4	66.2 
39	66.1   
39.5	66.3 
40.1	66.6 
40.7	66.7 
41.3	66.8 
41.9	66.3 
42.5	66.8 
43.1	66.7 
43.7	66.6 
44.4	67   
45	67     
45.7	66.8 
46.3	66.7 
47	66.8   
47.7	67   
48.4	66.7 
49.1	66.8 
49.8	67   
50.5	67   
51.3	67.4 
52	67.2   
52.8	67   
53.5	67.4 
54.3	67.1 
55.1	67.4 
55.9	67.4 
56.7	67.5 
57.5	67.4 
58.4	67.5 
59.2	67.6 
60.1	67.7 
61	67.7   
61.8	67.6 
62.7	67.6 
63.7	67.7 
64.6	67.8 
65.5	67.8 
66.5	68   
67.4	67.8 
68.4	68.1 
69.4	68.1 
70.4	68   
71.5	68.1 
72.5	67.7 
73.5	67.9 
74.6	67.9 
75.7	68.3 
76.8	68.2 
77.9	67.9 
79.1	68.1 
80.2	68.2 
81.4	68.3 
82.6	68.1 
83.8	68.4 
85	68.3   
86.2	68.6 
87.5	68.3 
88.7	68.3 
90	68.3   
91.3	68.4 
92.7	68.3 
94	68.5   
95.4	68.5 
96.8	68.3 
98.2	68.3 
99.6	68.4 
101	68.3  
103	68.4  
104	68.4  
106	68.3  
107	68.3  
109	68.4  
110	68.3  
112	68.8  
113	68.7  
115	68.4  
117	68.6  
118	68.4  
120	68.6  
122	68.6  
124	68.3  
125	68.9  
127	68.5  
129	68.8  
131	68.9  
133	68.5  
135	68.7  
137	68.5  
139	68.7  
141	68.9  
143	68.9  
145	68.7  
147	68.7  
149	68.6  
151	68.9  
154	68.4  
156	68.8  
158	68.8  
160	68.6  
163	68.9  
165	68.9  
168	68.9  
170	68.7  
172	68.7  
175	68.6  
177	68.6  
180	68.6  
183	68.9  
185	68.9  
188	68.6  
191	68.6  
194	68.7  
196	68.6  
199	68.8  
202	68.8  
205	68.6  
208	68.9  
211	69    
214	68.7  
217	68.7  
220	69    
224	69    
227	68.6  
230	68.6  
234	68.8  
237	68.7  
240	69.1  
244	69    
247	68.6  
251	68.5  
255	68.9  
258	68.7  
262	68.4  
266	68.5  
270	68.5  
274	68.8  
278	68.7  
282	68.3  
286	68.3  
290	68.6  
294	68.1  
298	68.4  
303	68.2  
307	68.4  
312	68.2  
316	68.4  
321	68.3  
325	68.2  
330	67.9  
335	67.8  
340	68    
345	67.8  
350	67.6  
355	67.5  
360	67.5  
365	67.6  
371	67.4  
376	67    
382	67.3  
387	67.2  
393	66.6  
398	67.1  
404	66.7  
410	66.3  
416	66.1  
422	66.2  
428	66.1  
434	66    
441	65.6  
447	65.9  
454	65.5  
460	65.6  
467	65.6  
474	65.5  
481	65    
488	64.9  
495	64.7  
502	64.9  
509	64.6  
517	64.2  
524	64.2  
532	64    
540	63.9  
547	63.8  
555	63.3  
563	63.1  
572	63    
580	63    
588	62.5  
597	62.4  
606	62.5  
614	62.1  
623	61.6  
632	61.7  
642	61.6  
651	61.2  
660	61.3  
670	60.7  
680	61    
690	60.7  
700	60.1  
710	60    
720	60.1  
731	59.8  
741	59.8  
752	59.3  
763	59.5  
774	59    
785	58.8  
797	58.8  
808	58.7  
820	58.1  
832	58.3  
844	58.1  
856	57.9  
869	57.8  
882	57.6  
894	57.3  
907	57.4  
921	56.9  
934	56.8  
948	56.8  
961	56.9  
975	56.4  
990	56.6  
1004	56.2 
1019	56.5 
1033	56.4 
1048	56   
1064	56.1 
1079	55.9 
1095	56.1 
1111	56   
1127	56   
1143	56.3 
1160	56.1 
1177	56.1 
1194	56.1 
1211	56.2 
1229	56.6 
1247	56.8 
1265	56.6 
1283	56.7 
1302	56.9 
1321	57.3 
1340	57.4 
1360	57.3 
1379	57.8 
1399	58.2 
1420	58.1 
1440	58.5 
1461	58.7 
1483	59   
1504	59   
1526	59.9 
1548	59.9 
1571	60.6 
1594	60.5 
1617	60.8 
1640	61.4 
1664	61.9 
1688	62.5 
1713	62.6 
1738	63   
1763	63.6 
1789	64.3 
1815	64.4 
1841	65.1 
1868	65.3 
1895	66.2 
1923	66.7 
1951	67   
1979	67.4 
2008	67.8 
2037	68.4 
2067	68.9 
2097	69.7 
2127	70.1 
2158	70.3 
2190	71   
2221	71.4 
2254	71.7 
2287	72.8 
2320	73.1 
2354	73.5 
2388	74.1 
2423	74.2 
2458	74.6 
2494	74.8 
2530	75.6 
2567	75.9 
2604	76.2 
2642	76.6 
2680	76.4 
2719	76.4 
2759	76.8 
2799	76.9 
2840	77.4 
2881	77.4 
2923	77.1 
2965	77.2 
3008	77.3 
3052	77.3 
3097	77.1 
3142	77   
3187	77.2 
3234	76.7 
3281	76.6 
3328	76.3 
3377	75.7 
3426	75.7 
3476	75.2 
3526	74.4 
3578	74.3 
3630	73.5 
3682	73.2 
3736	72.7 
3790	71.7 
3846	71.4 
3901	70.9 
3958	70.2 
4016	69.6 
4074	68.9 
4133	67.9 
4194	67.3 
4255	66.5 
4316	65.9 
4379	65.5 
4443	64.8 
4508	64.3 
4573	63.2 
4640	63.1 
4707	62.3 
4776	61.8 
4845	61.4 
4916	61   
4987	60.7 
5060	60.2 
5133	59.5 
5208	59.6 
5284	59.1 
5360	59.2 
5438	59.1 
5518	59.1 
5598	59.5 
5679	59.2 
5762	59.9 
5846	60.4 
5931	60.7 
6017	60.8 
6104	61.6 
6193	62.3 
6283	63   
6375	63.5 
6467	64.1 
6561	65   
6657	65.7 
6754	66.7 
6852	67.3 
6952	68   
7053	68.6 
7155	69.4 
7259	69.5 
7365	70.4 
7472	71   
7581	71.3 
7691	71.5 
7803	72.1 
7916	72   
8032	72.4 
8148	72.6 
8267	72.6 
8387	72.3 
8509	72.2 
8633	71.9 
8758	71.6 
8886	71.1 
9015	70.9 
9146	69.7 
9279	68.8 
9414	68.5 
9551	67.2 
9690	65.8 
9831	65.1 
9974	63.7 
10119	62.3
10266	60.9
10416	59.6
10567	57.9
10721	56.5
10877	54.9
11035	53.5
11196	52.4
11358	51.3
11524	50  
11691	48.8
11861	47.4
12034	46.2
12209	45.4
12386	44.7
12567	43.8
12749	42.2
12935	38.3
13123	37.6
13314	42  
13507	42.8
13704	43.6
13903	44.4
14105	45.2
14311	46  
14519	47  
14730	48.6
14944	49.4
15162	51.1
15382	52.4
15606	54  
15833	55.9
16063	57  
16297	58.8
16534	60  
16774	61.5
17018	62.3
17266	63.4
17517	63.7
17772	64.1
18030	64.4
18293	64.5
18559	63.8
18829	63.1
19102	62.5
19380	61.1
20000	58.1
overall dB	0.0 dB
decay	Average
averaging	No Smoothing
source	Totally Made Up


saved	--/-/--, --:-- AM
peak	0.0Hz
