
Frequency	dB	Unweighted
19.5	56.9 
19.8	57.2 
20.1	57.2 
20.3	57.3 
20.6	57.5 
20.9	57.7 
21.2	57.9 
21.6	58   
21.9	58.1 
22.2	58.1 
22.5	58.3 
22.8	58.4 
23.2	58.6 
23.5	58.6 
23.8	58.6 
24.2	58.8 
24.5	58.9 
24.9	59.1 
25.3	59   
25.6	59.2 
26	59.2   
26.4	59.4 
26.8	59.5 
27.2	59.6 
27.5	59.7 
28	59.8   
28.4	59.8 
28.8	59.8 
29.2	60.1 
29.6	60.1 
30	60.1   
30.5	60.3 
30.9	60.3 
31.4	60.4 
31.8	60.4 
32.3	60.6 
32.8	60.7 
33.2	60.7 
33.7	60.7 
34.2	60.8 
34.7	60.9 
35.2	61   
35.7	61.2 
36.2	61.1 
36.8	61.2 
37.3	61.2 
37.9	61.3 
38.4	61.4 
39	61.5   
39.5	61.6 
40.1	61.7 
40.7	61.7 
41.3	61.8 
41.9	61.8 
42.5	62   
43.1	61.9 
43.7	62.1 
44.4	62.1 
45	62.1   
45.7	62.3 
46.3	62.3 
47	62.4   
47.7	62.4 
48.4	62.4 
49.1	62.6 
49.8	62.7 
50.5	62.6 
51.3	62.8 
52	62.7   
52.8	62.8 
53.5	62.9 
54.3	63   
55.1	63.1 
55.9	63.1 
56.7	63.2 
57.5	63.2 
58.4	63.3 
59.2	63.3 
60.1	63.3 
61	63.3   
61.8	63.4 
62.7	63.6 
63.7	63.6 
64.6	63.6 
65.5	63.7 
66.5	63.7 
67.4	63.7 
68.4	63.8 
69.4	63.9 
70.4	63.9 
71.5	63.9 
72.5	63.9 
73.5	64.1 
74.6	64   
75.7	64   
76.8	64.1 
77.9	64.3 
79.1	64.1 
80.2	64.2 
81.4	64.3 
82.6	64.4 
83.8	64.3 
85	64.4   
86.2	64.4 
87.5	64.4 
88.7	64.4 
90	64.4   
91.3	64.6 
92.7	64.5 
94	64.5   
95.4	64.6 
96.8	64.7 
98.2	64.7 
99.6	64.6 
101	64.7  
103	64.7  
104	64.7  
106	64.7  
107	64.9  
109	64.8  
110	64.8  
112	64.7  
113	64.9  
115	64.9  
117	64.8  
118	64.9  
120	64.9  
122	64.9  
124	64.9  
125	64.9  
127	64.9  
129	64.9  
131	64.9  
133	64.9  
135	64.9  
137	64.8  
139	64.8  
141	64.9  
143	64.9  
145	64.8  
147	64.8  
149	64.8  
151	64.9  
154	64.7  
156	64.8  
158	64.7  
160	64.7  
163	64.7  
165	64.8  
168	64.7  
170	64.7  
172	64.7  
175	64.8  
177	64.8  
180	64.8  
183	64.7  
185	64.7  
188	64.6  
191	64.6  
194	64.6  
196	64.7  
199	64.7  
202	64.5  
205	64.6  
208	64.5  
211	64.5  
214	64.5  
217	64.5  
220	64.4  
224	64.4  
227	64.4  
230	64.4  
234	64.3  
237	64.2  
240	64.2  
244	64.1  
247	64    
251	63.9  
255	63.9  
258	64    
262	63.9  
266	63.8  
270	63.7  
274	63.6  
278	63.5  
282	63.4  
286	63.4  
290	63.3  
294	63.3  
298	63.3  
303	63.2  
307	63.1  
312	62.9  
316	62.8  
321	62.8  
325	62.7  
330	62.6  
335	62.4  
340	62.4  
345	62.2  
350	62.1  
355	62.1  
360	61.9  
365	61.8  
371	61.6  
376	61.6  
382	61.5  
387	61.4  
393	61.2  
398	61.2  
404	60.9  
410	60.9  
416	60.6  
422	60.5  
428	60.3  
434	60.3  
441	60.2  
447	59.9  
454	59.9  
460	59.8  
467	59.5  
474	59.4  
481	59.3  
488	59.2  
495	59    
502	58.8  
509	58.7  
517	58.5  
524	58.5  
532	58.3  
540	58.1  
547	57.9  
555	57.9  
563	57.7  
572	57.5  
580	57.4  
588	57.1  
597	57    
606	57    
614	56.7  
623	56.7  
632	56.5  
642	56.2  
651	56.2  
660	56.1  
670	55.9  
680	55.8  
690	55.6  
700	55.5  
710	55.3  
720	55.2  
731	55.2  
741	55    
752	54.8  
763	54.8  
774	54.6  
785	54.5  
797	54.4  
808	54.2  
820	54.1  
832	54.1  
844	54.1  
856	53.8  
869	53.9  
882	53.7  
894	53.6  
907	53.5  
921	53.5  
934	53.4  
948	53.2  
961	53.3  
975	53.2  
990	53.1  
1004	53.1 
1019	53   
1033	52.8 
1048	52.9 
1064	52.8 
1079	52.8 
1095	52.8 
1111	52.8 
1127	52.8 
1143	52.8 
1160	52.8 
1177	52.8 
1194	52.9 
1211	52.8 
1229	52.9 
1247	52.9 
1265	52.9 
1283	52.9 
1302	53.1 
1321	53.2 
1340	53.2 
1360	53.4 
1379	53.3 
1399	53.5 
1420	53.5 
1440	53.7 
1461	53.9 
1483	54.1 
1504	54.2 
1526	54.4 
1548	54.5 
1571	54.7 
1594	54.9 
1617	55.2 
1640	55.4 
1664	55.7 
1688	55.9 
1713	56.2 
1738	56.6 
1763	56.8 
1789	57.1 
1815	57.4 
1841	57.9 
1868	58.2 
1895	58.5 
1923	59   
1951	59.4 
1979	59.8 
2008	60.3 
2037	60.8 
2067	61.2 
2097	61.8 
2127	62.2 
2158	62.8 
2190	63.3 
2221	63.8 
2254	64.4 
2287	64.9 
2320	65.4 
2354	65.9 
2388	66.4 
2423	66.9 
2458	67.4 
2494	68   
2530	68.3 
2567	68.9 
2604	69.5 
2642	69.7 
2680	70.3 
2719	70.6 
2759	71   
2799	71.3 
2840	71.6 
2881	71.8 
2923	72.1 
2965	72.1 
3008	72.4 
3052	72.5 
3097	72.5 
3142	72.4 
3187	72.5 
3234	72.3 
3281	72.1 
3328	71.9 
3377	71.7 
3426	71.3 
3476	70.8 
3526	70.5 
3578	70.2 
3630	70   
3682	69.9 
3736	69.8 
3790	69.6 
3846	69.9 
3901	69.9 
3958	70.2 
4016	70.5 
4074	70.8 
4133	71   
4194	71.1 
4255	70.9 
4316	70.7 
4379	70.2 
4443	69.4 
4508	68   
4573	66.8 
4640	65.2 
4707	63.7 
4776	62.2 
4845	60.6 
4916	59.5 
4987	58.6 
5060	57.7 
5133	57.1 
5208	56.8 
5284	56.4 
5360	56.3 
5438	56.2 
5518	56.1 
5598	56.1 
5679	56.1 
5762	56.3 
5846	56.3 
5931	56.5 
6017	56.7 
6104	56.9 
6193	57.3 
6283	57.8 
6375	58.3 
6467	59   
6561	59.5 
6657	60.1 
6754	60.5 
6852	60.7 
6952	60.9 
7053	60.8 
7155	60.6 
7259	60.5 
7365	60.3 
7472	60.4 
7581	60.6 
7691	61   
7803	61.4 
7916	61.9 
8032	62.7 
8148	63.7 
8267	64.7 
8387	65.3 
8509	65.9 
8633	66.2 
8758	66.3 
8886	66   
9015	65.6 
9146	65   
9279	64.7 
9414	64.9 
9551	65   
9690	64.9 
9831	64.2 
9974	63.4 
10119	62.6
10266	61.3
10416	59.7
10567	58.3
10721	56.9
10877	55.9
11035	54.5
11196	53  
11358	51.8
11524	50.5
11691	49.1
11861	48  
12034	46.7
12209	45.6
12386	44.6
12567	44  
12749	43.3
12935	42.6
13123	42  
13314	41.6
13507	41.3
13704	41.3
13903	41.2
14105	41.2
14311	41  
14519	41.3
14730	41.5
14944	41.8
15162	42.1
15382	42.6
15606	43.3
15833	44  
16063	45  
16297	46  
16534	47.3
16774	48.9
17018	50.3
17266	51.8
17517	53.8
17772	55.4
18030	56.7
18293	58.4
18559	59.6
18829	60.6
19102	61.1
19380	61.3
20000	60.5
overall dB	0.0 dB
decay	Average
averaging	No Smoothing
source	Totally Made Up


saved	--/-/--, --:-- AM
peak	0.0Hz
