
Frequency	dB	Unweighted
19.5	59.6 
19.8	59.6 
20.1	59.7 
20.3	59.9 
20.6	60.1 
20.9	60.2 
21.2	60.3 
21.6	60.4 
21.9	60.4 
22.2	60.6 
22.5	60.6 
22.8	60.7 
23.2	60.8 
23.5	61   
23.8	61.1 
24.2	61.1 
24.5	61.3 
24.9	61.3 
25.3	61.5 
25.6	61.5 
26	61.5   
26.4	61.7 
26.8	61.8 
27.2	61.8 
27.5	62   
28	62.1   
28.4	62.1 
28.8	62.1 
29.2	62.2 
29.6	62.2 
30	62.4   
30.5	62.5 
30.9	62.5 
31.4	62.6 
31.8	62.6 
32.3	62.8 
32.8	62.9 
33.2	62.8 
33.7	62.9 
34.2	63.1 
34.7	63.1 
35.2	63.2 
35.7	63.2 
36.2	63.3 
36.8	63.3 
37.3	63.4 
37.9	63.4 
38.4	63.5 
39	63.7   
39.5	63.6 
40.1	63.8 
40.7	63.8 
41.3	63.9 
41.9	63.9 
42.5	64   
43.1	64   
43.7	64   
44.4	64.1 
45	64.2   
45.7	64.2 
46.3	64.4 
47	64.4   
47.7	64.4 
48.4	64.5 
49.1	64.6 
49.8	64.6 
50.5	64.8 
51.3	64.8 
52	64.7   
52.8	64.8 
53.5	64.8 
54.3	64.9 
55.1	64.9 
55.9	65.2 
56.7	65.1 
57.5	65.1 
58.4	65.3 
59.2	65.2 
60.1	65.2 
61	65.4   
61.8	65.4 
62.7	65.4 
63.7	65.5 
64.6	65.5 
65.5	65.7 
66.5	65.7 
67.4	65.7 
68.4	65.6 
69.4	65.8 
70.4	65.7 
71.5	65.8 
72.5	65.9 
73.5	65.9 
74.6	66   
75.7	66.1 
76.8	66.1 
77.9	66.1 
79.1	66.1 
80.2	66.1 
81.4	66.2 
82.6	66.1 
83.8	66.2 
85	66.2   
86.2	66.3 
87.5	66.3 
88.7	66.3 
90	66.4   
91.3	66.4 
92.7	66.4 
94	66.4   
95.4	66.6 
96.8	66.5 
98.2	66.5 
99.6	66.5 
101	66.6  
103	66.5  
104	66.6  
106	66.7  
107	66.6  
109	66.6  
110	66.6  
112	66.6  
113	66.8  
115	66.6  
117	66.7  
118	66.7  
120	66.7  
122	66.8  
124	66.7  
125	66.7  
127	66.6  
129	66.8  
131	66.7  
133	66.7  
135	66.7  
137	66.8  
139	66.8  
141	66.6  
143	66.7  
145	66.7  
147	66.7  
149	66.6  
151	66.8  
154	66.7  
156	66.7  
158	66.6  
160	66.7  
163	66.7  
165	66.7  
168	66.8  
170	66.7  
172	66.9  
175	66.8  
177	66.7  
180	66.7  
183	66.9  
185	66.9  
188	66.8  
191	66.9  
194	66.8  
196	66.8  
199	66.9  
202	66.9  
205	66.9  
208	66.8  
211	66.8  
214	66.8  
217	66.7  
220	66.7  
224	66.8  
227	66.8  
230	66.7  
234	66.7  
237	66.7  
240	66.7  
244	66.7  
247	66.7  
251	66.7  
255	66.7  
258	66.6  
262	66.5  
266	66.5  
270	66.5  
274	66.5  
278	66.4  
282	66.4  
286	66.3  
290	66.2  
294	66.3  
298	66.3  
303	66.2  
307	66.1  
312	66    
316	66.1  
321	65.9  
325	65.9  
330	65.8  
335	65.7  
340	65.8  
345	65.7  
350	65.5  
355	65.6  
360	65.3  
365	65.4  
371	65.2  
376	65.2  
382	65    
387	65    
393	65    
398	64.9  
404	64.8  
410	64.6  
416	64.6  
422	64.4  
428	64.4  
434	64.4  
441	64    
447	64    
454	64    
460	63.8  
467	63.7  
474	63.6  
481	63.4  
488	63.4  
495	63.2  
502	63.1  
509	63.1  
517	63    
524	62.8  
532	62.6  
540	62.5  
547	62.5  
555	62.4  
563	62.2  
572	62    
580	61.9  
588	61.8  
597	61.7  
606	61.7  
614	61.5  
623	61.5  
632	61.4  
642	61.2  
651	61    
660	60.9  
670	60.8  
680	60.8  
690	60.6  
700	60.6  
710	60.5  
720	60.3  
731	60.3  
741	60.1  
752	60    
763	59.9  
774	59.9  
785	59.8  
797	59.6  
808	59.5  
820	59.4  
832	59.4  
844	59.4  
856	59.1  
869	59.2  
882	59    
894	58.9  
907	58.9  
921	58.8  
934	58.7  
948	58.7  
961	58.6  
975	58.5  
990	58.4  
1004	58.4 
1019	58.3 
1033	58.3 
1048	58.2 
1064	58.2 
1079	58.3 
1095	58.2 
1111	58.2 
1127	58.1 
1143	58.3 
1160	58.2 
1177	58.1 
1194	58.3 
1211	58.3 
1229	58.2 
1247	58.2 
1265	58.4 
1283	58.3 
1302	58.4 
1321	58.4 
1340	58.5 
1360	58.6 
1379	58.8 
1399	58.8 
1420	59   
1440	59   
1461	59.3 
1483	59.3 
1504	59.6 
1526	59.6 
1548	59.9 
1571	60   
1594	60.2 
1617	60.4 
1640	60.7 
1664	61   
1688	61.1 
1713	61.4 
1738	61.6 
1763	61.9 
1789	62.2 
1815	62.6 
1841	62.9 
1868	63.3 
1895	63.6 
1923	64.1 
1951	64.3 
1979	64.7 
2008	65.2 
2037	65.6 
2067	66.2 
2097	66.5 
2127	66.9 
2158	67.5 
2190	68   
2221	68.4 
2254	68.9 
2287	69.5 
2320	70   
2354	70.5 
2388	70.9 
2423	71.4 
2458	71.8 
2494	72.4 
2530	72.7 
2567	73.1 
2604	73.5 
2642	74.1 
2680	74.4 
2719	74.9 
2759	75.2 
2799	75.5 
2840	75.7 
2881	75.9 
2923	76.1 
2965	76.2 
3008	76.5 
3052	76.5 
3097	76.5 
3142	76.6 
3187	76.5 
3234	76.4 
3281	76.2 
3328	75.9 
3377	75.7 
3426	75.5 
3476	75.1 
3526	74.7 
3578	74.5 
3630	74.1 
3682	74.1 
3736	73.8 
3790	73.9 
3846	74.1 
3901	74.2 
3958	74.3 
4016	74.6 
4074	75   
4133	75.2 
4194	75.3 
4255	75.2 
4316	75   
4379	74.4 
4443	73.6 
4508	72.5 
4573	71.3 
4640	69.9 
4707	68.4 
4776	67.1 
4845	65.7 
4916	64.7 
4987	63.8 
5060	63.1 
5133	62.6 
5208	62.3 
5284	61.9 
5360	61.9 
5438	61.8 
5518	61.7 
5598	61.7 
5679	61.8 
5762	62   
5846	62.1 
5931	62.2 
6017	62.4 
6104	62.6 
6193	63   
6283	63.4 
6375	64   
6467	64.6 
6561	65.2 
6657	65.7 
6754	66.2 
6852	66.5 
6952	66.6 
7053	66.4 
7155	66.5 
7259	66.2 
7365	66.3 
7472	66.4 
7581	66.4 
7691	66.9 
7803	67.3 
7916	67.8 
8032	68.6 
8148	69.4 
8267	70.3 
8387	71   
8509	71.7 
8633	72   
8758	72.1 
8886	71.9 
9015	71.5 
9146	70.9 
9279	70.8 
9414	70.7 
9551	71   
9690	70.7 
9831	70.4 
9974	69.6 
10119	68.7
10266	67.4
10416	66.1
10567	64.7
10721	63.6
10877	62.5
11035	61.2
11196	60  
11358	58.6
11524	57.5
11691	56.3
11861	55.1
12034	54  
12209	52.9
12386	52.2
12567	51.4
12749	50.9
12935	50.2
13123	49.7
13314	49.2
13507	49.1
13704	48.9
13903	48.8
14105	48.8
14311	48.7
14519	48.7
14730	49  
14944	49  
15162	49.1
15382	48.5
15606	43.5
15833	48.7
16063	51.5
16297	53  
16534	54.4
16774	55.8
17018	57.2
17266	58.7
17517	60.5
17772	61.9
18030	63.3
18293	64.9
18559	66  
18829	66.8
19102	67.5
19380	67.6
20000	66.7
overall dB	0.0 dB
decay	Average
averaging	No Smoothing
source	Totally Made Up


saved	--/-/--, --:-- AM
peak	0.0Hz
