
Frequency	dB	Unweighted
19.5	57.6 
19.8	57.7 
20.1	58   
20.3	58.1 
20.6	58.3 
20.9	58.3 
21.2	58.7 
21.6	58.7 
21.9	58.8 
22.2	58.9 
22.5	59.1 
22.8	59.3 
23.2	59.4 
23.5	59.6 
23.8	59.6 
24.2	59.8 
24.5	59.7 
24.9	60   
25.3	60   
25.6	60.2 
26	60.3   
26.4	60.4 
26.8	60.5 
27.2	60.5 
27.5	60.6 
28	60.7   
28.4	60.9 
28.8	60.8 
29.2	60.9 
29.6	61   
30	61.2   
30.5	61.1 
30.9	61.3 
31.4	61.4 
31.8	61.5 
32.3	61.5 
32.8	61.7 
33.2	61.7 
33.7	61.7 
34.2	61.7 
34.7	61.8 
35.2	62   
35.7	62.1 
36.2	62   
36.8	62.2 
37.3	62.2 
37.9	62.3 
38.4	62.3 
39	62.4   
39.5	62.5 
40.1	62.5 
40.7	62.6 
41.3	62.7 
41.9	62.8 
42.5	62.9 
43.1	62.9 
43.7	63   
44.4	63   
45	62.9   
45.7	63.1 
46.3	63.1 
47	63.1   
47.7	63.2 
48.4	63.3 
49.1	63.3 
49.8	63.3 
50.5	63.5 
51.3	63.4 
52	63.6   
52.8	63.7 
53.5	63.7 
54.3	63.6 
55.1	63.8 
55.9	63.8 
56.7	63.8 
57.5	63.8 
58.4	63.9 
59.2	63.9 
60.1	64   
61	64.1   
61.8	64.2 
62.7	64.2 
63.7	64.1 
64.6	64.3 
65.5	64.4 
66.5	64.4 
67.4	64.3 
68.4	64.4 
69.4	64.5 
70.4	64.5 
71.5	64.6 
72.5	64.5 
73.5	64.5 
74.6	64.5 
75.7	64.7 
76.8	64.7 
77.9	64.7 
79.1	64.6 
80.2	64.6 
81.4	64.7 
82.6	64.8 
83.8	64.7 
85	64.8   
86.2	64.8 
87.5	64.7 
88.7	64.8 
90	64.8   
91.3	64.8 
92.7	64.8 
94	65     
95.4	65   
96.8	64.8 
98.2	64.9 
99.6	65   
101	64.9  
103	65    
104	64.9  
106	64.9  
107	65    
109	64.9  
110	64.9  
112	64.9  
113	64.9  
115	65    
117	64.9  
118	64.8  
120	64.9  
122	64.8  
124	64.8  
125	64.9  
127	64.7  
129	64.8  
131	64.8  
133	64.7  
135	64.7  
137	64.7  
139	64.6  
141	64.6  
143	64.6  
145	64.6  
147	64.5  
149	64.6  
151	64.6  
154	64.5  
156	64.6  
158	64.5  
160	64.5  
163	64.5  
165	64.5  
168	64.5  
170	64.5  
172	64.4  
175	64.4  
177	64.3  
180	64.5  
183	64.4  
185	64.4  
188	64.2  
191	64.2  
194	64.3  
196	64.3  
199	64.3  
202	64.1  
205	64.2  
208	64.2  
211	64.2  
214	64    
217	64    
220	64    
224	64.1  
227	64    
230	63.9  
234	63.9  
237	63.9  
240	63.7  
244	63.7  
247	63.8  
251	63.7  
255	63.7  
258	63.7  
262	63.6  
266	63.5  
270	63.4  
274	63.3  
278	63.3  
282	63.3  
286	63.2  
290	63.1  
294	63    
298	63    
303	63    
307	62.9  
312	62.7  
316	62.7  
321	62.7  
325	62.7  
330	62.5  
335	62.5  
340	62.3  
345	62.2  
350	62.1  
355	62.1  
360	61.9  
365	61.9  
371	61.8  
376	61.6  
382	61.5  
387	61.5  
393	61.4  
398	61.4  
404	61.2  
410	61    
416	61    
422	60.8  
428	60.8  
434	60.6  
441	60.6  
447	60.3  
454	60.3  
460	60.2  
467	60.1  
474	60    
481	60    
488	59.8  
495	59.7  
502	59.6  
509	59.3  
517	59.4  
524	59.3  
532	59.1  
540	59    
547	58.9  
555	58.8  
563	58.6  
572	58.5  
580	58.5  
588	58.4  
597	58.2  
606	58    
614	57.9  
623	57.8  
632	57.7  
642	57.6  
651	57.6  
660	57.4  
670	57.3  
680	57.2  
690	57.1  
700	57    
710	57    
720	57    
731	56.9  
741	56.7  
752	56.6  
763	56.4  
774	56.4  
785	56.3  
797	56.2  
808	56.2  
820	56.2  
832	55.9  
844	56    
856	55.8  
869	55.8  
882	55.7  
894	55.8  
907	55.5  
921	55.5  
934	55.4  
948	55.3  
961	55.3  
975	55.3  
990	55.3  
1004	55.3 
1019	55.1 
1033	55.2 
1048	55   
1064	55.2 
1079	55.1 
1095	55.1 
1111	55   
1127	55   
1143	55   
1160	55.1 
1177	55   
1194	55.2 
1211	55.2 
1229	55.2 
1247	55.2 
1265	55.1 
1283	55.3 
1302	55.4 
1321	55.5 
1340	55.4 
1360	55.6 
1379	55.6 
1399	55.8 
1420	55.8 
1440	55.9 
1461	56   
1483	56.2 
1504	56.3 
1526	56.5 
1548	56.7 
1571	56.9 
1594	57   
1617	57.3 
1640	57.5 
1664	57.7 
1688	57.8 
1713	58.1 
1738	58.5 
1763	58.6 
1789	59   
1815	59.2 
1841	59.6 
1868	59.8 
1895	60.2 
1923	60.5 
1951	61   
1979	61.2 
2008	61.7 
2037	62.1 
2067	62.6 
2097	62.9 
2127	63.3 
2158	63.8 
2190	64.3 
2221	64.7 
2254	65.3 
2287	65.6 
2320	66.2 
2354	66.6 
2388	67   
2423	67.5 
2458	68   
2494	68.5 
2530	69   
2567	69.4 
2604	69.9 
2642	70.3 
2680	70.8 
2719	71.1 
2759	71.6 
2799	72   
2840	72.2 
2881	72.5 
2923	72.9 
2965	73.1 
3008	73.3 
3052	73.6 
3097	73.7 
3142	73.9 
3187	74   
3234	74.1 
3281	73.9 
3328	73.9 
3377	73.8 
3426	73.7 
3476	73.6 
3526	73.4 
3578	73   
3630	72.8 
3682	72.5 
3736	72   
3790	71.7 
3846	71.3 
3901	70.7 
3958	70.2 
4016	69.8 
4074	69.1 
4133	68.8 
4194	68.2 
4255	67.8 
4316	67.6 
4379	67.3 
4443	67   
4508	67   
4573	67.1 
4640	67.1 
4707	67   
4776	66.9 
4845	66.9 
4916	66.7 
4987	66.1 
5060	65.5 
5133	64.8 
5208	63.9 
5284	63.1 
5360	62.1 
5438	61.1 
5518	60.4 
5598	59.6 
5679	59   
5762	58.6 
5846	58.4 
5931	58.2 
6017	58.1 
6104	58.1 
6193	58.2 
6283	58.1 
6375	58.2 
6467	58.1 
6561	57.9 
6657	57.8 
6754	57.7 
6852	57.3 
6952	57   
7053	56.7 
7155	56.5 
7259	56.2 
7365	56.2 
7472	56.1 
7581	56.2 
7691	55.9 
7803	55.7 
7916	55.4 
8032	54.6 
8148	54.2 
8267	53.6 
8387	53.3 
8509	53.2 
8633	53.1 
8758	53   
8886	53.2 
9015	53.2 
9146	53.5 
9279	53.8 
9414	54.5 
9551	55.2 
9690	55.6 
9831	55.7 
9974	55.5 
10119	55.2
10266	54.8
10416	54.7
10567	54.5
10721	54.3
10877	54.5
11035	54.6
11196	54.5
11358	54.1
11524	53.6
11691	52.6
11861	51.5
12034	50.4
12209	49.3
12386	48.4
12567	47.6
12749	46.2
12935	45.1
13123	43.8
13314	42.5
13507	41.3
13704	40.5
13903	39.7
14105	38.7
14311	37.9
14519	37.2
14730	36.7
14944	36.4
15162	36  
15382	35.7
15606	35.4
15833	35.3
16063	35.2
16297	35.3
16534	35.1
16774	35.2
17018	35.4
17266	35.7
17517	35.9
17772	36.5
18030	36.8
18293	37.6
18559	38.2
18829	39.3
19102	40.2
19380	41.3
20000	44.3
overall dB	0.0 dB
decay	Average
averaging	No Smoothing
source	Totally Made Up


saved	--/-/--, --:-- AM
peak	0.0Hz
