
Frequency	dB	Unweighted
19.5	64.1 
19.8	64.5 
20.1	64.3 
20.3	64.5 
20.6	64.6 
20.9	64.4 
21.2	64.3 
21.6	64.4 
21.9	64.7 
22.2	65   
22.5	64.8 
22.8	64.7 
23.2	65.1 
23.5	64.9 
23.8	64.9 
24.2	65.4 
24.5	65.3 
24.9	65.1 
25.3	65   
25.6	65.1 
26	65.6   
26.4	65.5 
26.8	65.3 
27.2	65.3 
27.5	65.7 
28	65.4   
28.4	65.5 
28.8	65.6 
29.2	65.8 
29.6	65.6 
30	66.1   
30.5	66   
30.9	65.9 
31.4	65.7 
31.8	66.1 
32.3	66   
32.8	65.9 
33.2	66.2 
33.7	66   
34.2	65.9 
34.7	66.5 
35.2	66.3 
35.7	66.5 
36.2	66.4 
36.8	66.2 
37.3	66.6 
37.9	66.8 
38.4	66.7 
39	66.8   
39.5	66.5 
40.1	66.6 
40.7	66.4 
41.3	66.5 
41.9	66.5 
42.5	67.1 
43.1	66.9 
43.7	67.2 
44.4	66.7 
45	67     
45.7	67.1 
46.3	67   
47	67.1   
47.7	67.4 
48.4	67.2 
49.1	67.4 
49.8	67.1 
50.5	67   
51.3	67   
52	67.5   
52.8	67.5 
53.5	67.7 
54.3	67.7 
55.1	67.2 
55.9	67.3 
56.7	67.8 
57.5	67.6 
58.4	67.8 
59.2	67.5 
60.1	67.4 
61	68     
61.8	67.8 
62.7	67.7 
63.7	67.7 
64.6	67.8 
65.5	68.1 
66.5	68   
67.4	67.6 
68.4	67.7 
69.4	68   
70.4	67.8 
71.5	67.7 
72.5	68   
73.5	68.2 
74.6	68.3 
75.7	68.3 
76.8	68.2 
77.9	68.1 
79.1	68.3 
80.2	68.3 
81.4	68.1 
82.6	68.2 
83.8	68.3 
85	67.9   
86.2	68.3 
87.5	68.1 
88.7	68   
90	68.4   
91.3	68.3 
92.7	68.2 
94	68.2   
95.4	68.2 
96.8	68.4 
98.2	68.5 
99.6	68.3 
101	68.2  
103	68.2  
104	68.6  
106	68.5  
107	68.3  
109	68.1  
110	68.5  
112	68.1  
113	68.1  
115	68.3  
117	68.4  
118	67.9  
120	68    
122	68.3  
124	68.3  
125	68    
127	68    
129	68.3  
131	67.8  
133	68.2  
135	68.3  
137	67.9  
139	67.8  
141	68.1  
143	68.2  
145	68.2  
147	68    
149	68.2  
151	68.1  
154	67.6  
156	67.7  
158	68.1  
160	67.6  
163	68.2  
165	68    
168	67.9  
170	68.1  
172	67.6  
175	68.1  
177	67.7  
180	68    
183	67.5  
185	67.7  
188	67.9  
191	67.9  
194	68    
196	67.7  
199	67.8  
202	67.7  
205	67.6  
208	67.6  
211	67.8  
214	67.6  
217	67.3  
220	67.4  
224	67.6  
227	67.2  
230	67.7  
234	67.3  
237	67.4  
240	67.5  
244	67.3  
247	67.5  
251	67    
255	67.2  
258	67.2  
262	67.1  
266	66.9  
270	67.2  
274	66.7  
278	66.9  
282	66.8  
286	66.7  
290	66.7  
294	66.7  
298	66.5  
303	66.5  
307	66.5  
312	65.9  
316	66.1  
321	65.9  
325	65.8  
330	65.8  
335	65.5  
340	65.9  
345	65.4  
350	65.2  
355	65.3  
360	65.4  
365	65    
371	64.7  
376	64.9  
382	64.9  
387	64.4  
393	64.3  
398	64.6  
404	64.3  
410	63.8  
416	63.9  
422	63.9  
428	63.6  
434	63.6  
441	63.4  
447	63.2  
454	63.2  
460	62.8  
467	62.9  
474	62.9  
481	62.4  
488	62.5  
495	62.2  
502	62.2  
509	61.7  
517	61.4  
524	61.6  
532	61.5  
540	61.4  
547	61.3  
555	60.9  
563	60.9  
572	60.7  
580	60.6  
588	60.1  
597	60.3  
606	59.8  
614	59.9  
623	59.9  
632	59.3  
642	59.1  
651	59.3  
660	58.8  
670	59.2  
680	58.6  
690	58.8  
700	58.8  
710	58.6  
720	58.3  
731	58.4  
741	57.9  
752	57.9  
763	58    
774	57.7  
785	58    
797	57.6  
808	57.7  
820	57.4  
832	57.7  
844	57.6  
856	57.2  
869	57.4  
882	57.5  
894	57.1  
907	57.4  
921	57.3  
934	57.2  
948	57.4  
961	57.1  
975	57.3  
990	57.4  
1004	57.3 
1019	57.8 
1033	58   
1048	57.8 
1064	58.2 
1079	58.2 
1095	58.1 
1111	58.5 
1127	58.6 
1143	58.8 
1160	59.2 
1177	59.2 
1194	59.5 
1211	59.7 
1229	60.1 
1247	60.2 
1265	60.8 
1283	61.2 
1302	61.4 
1321	61.8 
1340	62.1 
1360	62.4 
1379	62.9 
1399	63.5 
1420	63.4 
1440	64.3 
1461	64.4 
1483	64.7 
1504	65.3 
1526	65.9 
1548	66.4 
1571	67   
1594	67.1 
1617	67.7 
1640	68.4 
1664	68.9 
1688	69   
1713	70   
1738	70   
1763	70.7 
1789	71.4 
1815	71.3 
1841	71.8 
1868	72.8 
1895	73.1 
1923	73.1 
1951	73.8 
1979	74.2 
2008	74.4 
2037	74.9 
2067	75.1 
2097	75.4 
2127	75.8 
2158	76.1 
2190	76.4 
2221	76.8 
2254	76.8 
2287	76.8 
2320	77.4 
2354	77.2 
2388	77.2 
2423	77.2 
2458	77.5 
2494	77.2 
2530	77.4 
2567	77.2 
2604	77.4 
2642	77.1 
2680	76.9 
2719	76.4 
2759	76.4 
2799	76   
2840	75.5 
2881	75.1 
2923	74.4 
2965	74.2 
3008	73.7 
3052	73   
3097	72.2 
3142	71.8 
3187	71.1 
3234	70.4 
3281	69.9 
3328	69   
3377	68.8 
3426	68   
3476	67   
3526	66.6 
3578	65.9 
3630	64.9 
3682	64.1 
3736	63.5 
3790	62.9 
3846	62.3 
3901	61.9 
3958	61   
4016	60.4 
4074	60.4 
4133	59.6 
4194	59.4 
4255	59.2 
4316	58.6 
4379	58.8 
4443	58.9 
4508	58.6 
4573	58.8 
4640	58.6 
4707	59   
4776	59.1 
4845	59.4 
4916	59.7 
4987	60.4 
5060	61   
5133	61.6 
5208	62.1 
5284	63   
5360	63.7 
5438	64.6 
5518	65.5 
5598	66.9 
5679	68   
5762	69   
5846	69.7 
5931	71.3 
6017	72   
6104	73.6 
6193	74.4 
6283	75.5 
6375	76.8 
6467	77.7 
6561	78.5 
6657	79.4 
6754	79.8 
6852	80.3 
6952	80.4 
7053	80.1 
7155	80.1 
7259	80.3 
7365	79.6 
7472	79.4 
7581	78.3 
7691	77.4 
7803	76.6 
7916	75.4 
8032	74.1 
8148	72.9 
8267	71.6 
8387	69.5 
8509	68.2 
8633	66.1 
8758	64   
8886	62.2 
9015	60.6 
9146	58.8 
9279	56.6 
9414	54.6 
9551	52.9 
9690	51.5 
9831	49.5 
9974	48.6 
10119	47.3
10266	45.9
10416	45.3
10567	44.4
10721	43.9
10877	43.6
11035	43.7
11196	43.8
11358	44.7
11524	45.1
11691	45.8
11861	47.2
12034	48  
12209	49.6
12386	50.7
12567	52.2
12749	53.7
12935	55.1
13123	56.4
13314	58.1
13507	59  
13704	60.1
13903	61.7
14105	62.5
14311	63.1
14519	63.5
14730	63.5
14944	63.4
15162	63.3
15382	62.7
15606	61.8
15833	60.9
16063	60  
16297	58.6
16534	57  
16774	55.5
17018	53.3
17266	52.1
17517	49.9
17772	48.3
18030	46.6
18293	45.1
18559	43.6
18829	40  
19102	37.2
19380	41.8
20000	44.2
overall dB	0.0 dB
decay	Average
averaging	No Smoothing
source	Totally Made Up


saved	--/-/--, --:-- AM
peak	0.0Hz
