
Frequency	dB	Unweighted
19.5	63.7 
19.8	63.5 
20.1	63.7 
20.3	63.7 
20.6	63.9 
20.9	64.4 
21.2	64.6 
21.6	64.3 
21.9	64.5 
22.2	64.8 
22.5	64.8 
22.8	65   
23.2	64.5 
23.5	64.7 
23.8	64.7 
24.2	64.8 
24.5	65   
24.9	65.1 
25.3	65.5 
25.6	65.3 
26	65.3   
26.4	65.2 
26.8	65.3 
27.2	65.5 
27.5	65.8 
28	65.8   
28.4	65.5 
28.8	65.5 
29.2	65.8 
29.6	65.8 
30	65.7   
30.5	66.1 
30.9	65.9 
31.4	66.4 
31.8	66.2 
32.3	66.4 
32.8	66.4 
33.2	66.4 
33.7	66.7 
34.2	66.7 
34.7	66.6 
35.2	66.5 
35.7	66.7 
36.2	66.7 
36.8	66.6 
37.3	66.7 
37.9	66.9 
38.4	66.7 
39	66.7   
39.5	66.6 
40.1	66.9 
40.7	66.8 
41.3	67.2 
41.9	66.9 
42.5	67   
43.1	67.3 
43.7	67.1 
44.4	67.4 
45	67.6   
45.7	67.1 
46.3	67.5 
47	67.6   
47.7	67.5 
48.4	67.3 
49.1	67.8 
49.8	67.8 
50.5	67.7 
51.3	67.5 
52	67.8   
52.8	67.9 
53.5	67.7 
54.3	68   
55.1	67.7 
55.9	68.1 
56.7	67.9 
57.5	68   
58.4	67.8 
59.2	67.9 
60.1	68.1 
61	68     
61.8	68.2 
62.7	68.3 
63.7	67.9 
64.6	68.4 
65.5	68.2 
66.5	68.5 
67.4	68   
68.4	68.3 
69.4	68.6 
70.4	68.1 
71.5	68.2 
72.5	68.1 
73.5	68.4 
74.6	68.5 
75.7	68.5 
76.8	68.5 
77.9	68.4 
79.1	68.5 
80.2	68.3 
81.4	68.4 
82.6	68.6 
83.8	68.5 
85	68.6   
86.2	68.3 
87.5	68.8 
88.7	68.8 
90	68.8   
91.3	68.5 
92.7	68.4 
94	68.6   
95.4	68.3 
96.8	68.4 
98.2	68.7 
99.6	68.6 
101	68.7  
103	68.4  
104	68.7  
106	68.8  
107	68.7  
109	68.6  
110	68.6  
112	68.2  
113	68.2  
115	68.4  
117	68.4  
118	68.3  
120	68.3  
122	68.1  
124	68.1  
125	68.5  
127	68    
129	68    
131	68.5  
133	68.3  
135	68.1  
137	68.4  
139	67.9  
141	67.8  
143	68.2  
145	68.3  
147	68.2  
149	68.2  
151	68.2  
154	68.1  
156	68.1  
158	68    
160	67.5  
163	67.5  
165	68    
168	67.8  
170	67.8  
172	67.6  
175	67.3  
177	67.7  
180	67.5  
183	67.3  
185	67.1  
188	67.3  
191	67.1  
194	67.2  
196	67.1  
199	67.4  
202	67.3  
205	66.9  
208	67    
211	67.1  
214	66.9  
217	66.8  
220	66.9  
224	66.3  
227	66.6  
230	66.2  
234	66.7  
237	66.2  
240	66.2  
244	66.1  
247	66.3  
251	66.2  
255	65.6  
258	65.8  
262	66    
266	65.4  
270	65.4  
274	65.7  
278	65    
282	65.1  
286	65.1  
290	64.7  
294	65    
298	64.9  
303	64.8  
307	64.3  
312	64.2  
316	64.1  
321	64.1  
325	64.2  
330	64.1  
335	63.5  
340	63.3  
345	63.1  
350	63.5  
355	62.9  
360	62.7  
365	62.8  
371	62.7  
376	62.5  
382	62.5  
387	62.1  
393	62    
398	62.1  
404	61.5  
410	61.2  
416	61.2  
422	61.4  
428	61    
434	60.9  
441	60.8  
447	60.4  
454	60.2  
460	60.1  
467	59.9  
474	59.9  
481	59.2  
488	59.5  
495	59.4  
502	59.1  
509	58.6  
517	58.9  
524	58.5  
532	58.1  
540	57.9  
547	58    
555	57.8  
563	57.3  
572	57.6  
580	57.4  
588	57.1  
597	56.8  
606	57    
614	56.6  
623	56.6  
632	56.7  
642	56.2  
651	56.2  
660	56    
670	56.1  
680	56.1  
690	55.9  
700	55.7  
710	55.6  
720	55.5  
731	55.4  
741	55.3  
752	55.5  
763	55.6  
774	55.5  
785	55.3  
797	55.6  
808	55.2  
820	55.2  
832	55.5  
844	55.6  
856	55.5  
869	55.8  
882	55.5  
894	56    
907	56    
921	56.3  
934	56.3  
948	56.3  
961	56.3  
975	56.8  
990	56.8  
1004	57.3 
1019	57.5 
1033	57.5 
1048	58   
1064	58.2 
1079	58.5 
1095	58.6 
1111	59   
1127	59.4 
1143	59.6 
1160	60   
1177	60.2 
1194	61   
1211	61.5 
1229	61.7 
1247	61.9 
1265	62.7 
1283	63   
1302	63.8 
1321	63.9 
1340	64.8 
1360	64.8 
1379	65.6 
1399	66.1 
1420	66.6 
1440	67.1 
1461	67.4 
1483	67.9 
1504	68.6 
1526	69.3 
1548	69.6 
1571	70   
1594	70.8 
1617	71.2 
1640	71.6 
1664	71.9 
1688	72.4 
1713	72.5 
1738	72.9 
1763	73.7 
1789	73.9 
1815	74.4 
1841	74.9 
1868	74.9 
1895	75.2 
1923	75.3 
1951	75.7 
1979	76.1 
2008	76   
2037	76   
2067	76   
2097	76.4 
2127	76.3 
2158	76.4 
2190	75.8 
2221	76   
2254	76.1 
2287	75.4 
2320	75.4 
2354	74.9 
2388	74.5 
2423	74.5 
2458	73.6 
2494	73.3 
2530	72.9 
2567	72.4 
2604	72.1 
2642	71.2 
2680	70.8 
2719	70.3 
2759	69.6 
2799	68.8 
2840	68.2 
2881	67.3 
2923	66.5 
2965	65.6 
3008	64.7 
3052	64.3 
3097	63.3 
3142	62.8 
3187	62.2 
3234	60.9 
3281	60.3 
3328	59.6 
3377	59.1 
3426	58.6 
3476	58.1 
3526	57.5 
3578	57   
3630	56.4 
3682	56.3 
3736	56.2 
3790	55.6 
3846	56   
3901	55.8 
3958	56   
4016	55.6 
4074	56.2 
4133	56.6 
4194	57   
4255	57.4 
4316	57.7 
4379	58.6 
4443	59.1 
4508	59.8 
4573	60.6 
4640	61.8 
4707	62.6 
4776	63.7 
4845	65   
4916	65.7 
4987	66.8 
5060	68.3 
5133	69.5 
5208	70.2 
5284	71.7 
5360	72.8 
5438	73.8 
5518	74.4 
5598	75.7 
5679	76.8 
5762	77.1 
5846	77.7 
5931	78.3 
6017	78.9 
6104	79.5 
6193	79.8 
6283	79.9 
6375	79.6 
6467	79.5 
6561	79.3 
6657	78.3 
6754	77.1 
6852	76.3 
6952	75   
7053	73.9 
7155	72.1 
7259	70.3 
7365	69   
7472	67   
7581	64.7 
7691	62.8 
7803	60.7 
7916	59.3 
8032	57.1 
8148	55.4 
8267	53.3 
8387	52.2 
8509	50.1 
8633	49   
8758	47.7 
8886	46.9 
9015	46.1 
9146	45.2 
9279	44.8 
9414	44.7 
9551	45   
9690	45.4 
9831	46   
9974	46.1 
10119	47.4
10266	48.4
10416	49.5
10567	50.5
10721	51.5
10877	53.2
11035	54.6
11196	55.8
11358	57  
11524	58.2
11691	58.8
11861	59.3
12034	59.9
12209	59.8
12386	59.7
12567	58.9
12749	58.5
12935	57.6
13123	56.3
13314	55  
13507	53.2
13704	51.2
13903	49.6
14105	46.9
14311	44.2
14519	40  
14730	34.7
14944	38.8
15162	39.6
15382	39.2
15606	39.3
15833	39  
16063	39.1
16297	39.6
16534	41.1
16774	41.8
17018	43.6
17266	45.4
17517	47.2
17772	49.4
18030	51.7
18293	53.6
18559	55.3
18829	56.7
19102	58.2
19380	59.4
20000	59.7
overall dB	0.0 dB
decay	Average
averaging	No Smoothing
source	Totally Made Up


saved	--/-/--, --:-- AM
peak	0.0Hz
