
Frequency	dB	Unweighted
19.5	64.4 
19.8	64.3 
20.1	64.5 
20.3	64.5 
20.6	64.7 
20.9	64.8 
21.2	64.4 
21.6	64.8 
21.9	64.7 
22.2	65.1 
22.5	64.9 
22.8	64.8 
23.2	64.8 
23.5	65   
23.8	65   
24.2	65.3 
24.5	65.5 
24.9	65.3 
25.3	65.2 
25.6	65.7 
26	65.3   
26.4	65.4 
26.8	65.4 
27.2	65.7 
27.5	65.4 
28	65.9   
28.4	65.7 
28.8	66.1 
29.2	66.2 
29.6	65.7 
30	65.7   
30.5	66.1 
30.9	66.2 
31.4	66.1 
31.8	66.4 
32.3	66.2 
32.8	66   
33.2	66.1 
33.7	66.1 
34.2	66.7 
34.7	66.7 
35.2	66.6 
35.7	66.3 
36.2	66.5 
36.8	66.3 
37.3	66.4 
37.9	66.8 
38.4	66.6 
39	66.6   
39.5	66.7 
40.1	66.8 
40.7	67.1 
41.3	67   
41.9	67.3 
42.5	67.3 
43.1	67.1 
43.7	66.9 
44.4	67   
45	67.3   
45.7	67.3 
46.3	67.1 
47	67.1   
47.7	67.4 
48.4	67.1 
49.1	67.2 
49.8	67.4 
50.5	67.5 
51.3	67.7 
52	67.5   
52.8	67.6 
53.5	67.5 
54.3	67.5 
55.1	67.7 
55.9	67.7 
56.7	67.7 
57.5	67.9 
58.4	68   
59.2	67.8 
60.1	68.1 
61	67.8   
61.8	68.3 
62.7	68.2 
63.7	68   
64.6	68.2 
65.5	68.2 
66.5	68.2 
67.4	68.2 
68.4	68.6 
69.4	68.5 
70.4	68.3 
71.5	68.4 
72.5	68.2 
73.5	68.4 
74.6	68.5 
75.7	68.7 
76.8	68.6 
77.9	68.7 
79.1	68.8 
80.2	68.5 
81.4	68.3 
82.6	68.9 
83.8	68.4 
85	68.4   
86.2	68.8 
87.5	68.9 
88.7	68.5 
90	68.6   
91.3	68.8 
92.7	68.9 
94	68.9   
95.4	68.7 
96.8	68.6 
98.2	68.7 
99.6	68.6 
101	68.7  
103	69    
104	68.9  
106	69    
107	69.2  
109	68.8  
110	68.9  
112	69.2  
113	68.8  
115	68.8  
117	69    
118	68.7  
120	69    
122	68.7  
124	69.2  
125	69.2  
127	68.7  
129	69    
131	68.8  
133	69    
135	69.1  
137	68.7  
139	69    
141	68.8  
143	68.9  
145	69    
147	69    
149	68.8  
151	69    
154	68.7  
156	69.2  
158	68.9  
160	68.8  
163	69.2  
165	69.3  
168	69.1  
170	68.9  
172	69.2  
175	69.1  
177	68.7  
180	69.3  
183	69.2  
185	69    
188	69    
191	69.2  
194	68.9  
196	69.2  
199	69.4  
202	68.9  
205	68.8  
208	69    
211	69.1  
214	68.8  
217	68.8  
220	69    
224	68.8  
227	69.3  
230	69.2  
234	69.3  
237	68.7  
240	69    
244	69    
247	69.2  
251	69.1  
255	69    
258	68.9  
262	69    
266	69    
270	68.6  
274	68.8  
278	68.6  
282	68.5  
286	68.8  
290	68.8  
294	68.8  
298	68.4  
303	68.7  
307	68.2  
312	68.4  
316	68.4  
321	68.1  
325	68.1  
330	68.1  
335	68.2  
340	67.8  
345	67.9  
350	67.9  
355	67.9  
360	67.6  
365	67.5  
371	67.6  
376	67.1  
382	67.1  
387	67.4  
393	67    
398	66.8  
404	66.7  
410	66.9  
416	66.7  
422	66.7  
428	66.4  
434	66    
441	66    
447	66    
454	65.9  
460	65.7  
467	65.5  
474	65.5  
481	65    
488	65.1  
495	65    
502	64.8  
509	64.8  
517	64.2  
524	64.1  
532	64.1  
540	63.8  
547	63.9  
555	63.6  
563	63.4  
572	63.4  
580	62.8  
588	62.8  
597	62.9  
606	62.4  
614	62.5  
623	62.1  
632	62.1  
642	61.7  
651	61.2  
660	61.3  
670	60.9  
680	60.7  
690	60.7  
700	60.6  
710	60.3  
720	60.3  
731	59.7  
741	59.7  
752	59.2  
763	59.2  
774	59.3  
785	58.9  
797	58.8  
808	58.3  
820	58.5  
832	57.9  
844	58.2  
856	57.7  
869	57.4  
882	57.1  
894	57.5  
907	56.8  
921	56.7  
934	56.7  
948	56.6  
961	56.6  
975	56.4  
990	56.3  
1004	56   
1019	55.8 
1033	55.8 
1048	55.5 
1064	55.8 
1079	56   
1095	55.9 
1111	55.8 
1127	55.7 
1143	55.8 
1160	55.4 
1177	55.6 
1194	55.9 
1211	55.6 
1229	55.8 
1247	55.9 
1265	55.6 
1283	56   
1302	56.2 
1321	56.2 
1340	56.5 
1360	56.5 
1379	56.8 
1399	57.1 
1420	56.9 
1440	57   
1461	57.5 
1483	57.9 
1504	58.3 
1526	58.3 
1548	58.8 
1571	58.7 
1594	59.4 
1617	59.7 
1640	60.1 
1664	60.3 
1688	60.9 
1713	61.2 
1738	61.5 
1763	61.6 
1789	62.4 
1815	62.5 
1841	62.9 
1868	63.7 
1895	64.4 
1923	64.5 
1951	65.1 
1979	65.3 
2008	66.1 
2037	66.8 
2067	66.9 
2097	67.3 
2127	67.9 
2158	68.8 
2190	69.3 
2221	69.8 
2254	70.4 
2287	70.9 
2320	71.3 
2354	71.9 
2388	72   
2423	72.4 
2458	72.8 
2494	73.4 
2530	73.7 
2567	74.6 
2604	74.6 
2642	74.9 
2680	75.4 
2719	75.8 
2759	76.1 
2799	76.7 
2840	76.7 
2881	76.8 
2923	77.4 
2965	77.5 
3008	77.6 
3052	77.7 
3097	77.4 
3142	77.9 
3187	77.4 
3234	77.4 
3281	77.6 
3328	77.2 
3377	77.3 
3426	76.9 
3476	77.1 
3526	76.6 
3578	76.2 
3630	75.9 
3682	75.3 
3736	74.9 
3790	75   
3846	74.1 
3901	73.9 
3958	73.1 
4016	72.4 
4074	72.4 
4133	71.4 
4194	70.8 
4255	70.1 
4316	69.7 
4379	69.2 
4443	68.2 
4508	67.7 
4573	66.8 
4640	66   
4707	65.7 
4776	64.7 
4845	64.3 
4916	63.5 
4987	62.7 
5060	62.5 
5133	61.8 
5208	61.3 
5284	61   
5360	60.2 
5438	60   
5518	59.4 
5598	59   
5679	58.7 
5762	58.8 
5846	58.7 
5931	58.6 
6017	58.4 
6104	58.9 
6193	58.8 
6283	59.1 
6375	59.3 
6467	59.4 
6561	60.1 
6657	60.2 
6754	60.1 
6852	60.5 
6952	61.1 
7053	61.1 
7155	61.4 
7259	61.8 
7365	61.9 
7472	62.7 
7581	62.9 
7691	63   
7803	63.6 
7916	63.8 
8032	64.4 
8148	64.5 
8267	64.6 
8387	64.6 
8509	65.2 
8633	65.3 
8758	65.5 
8886	65.6 
9015	65.6 
9146	65.4 
9279	65.3 
9414	64.9 
9551	65.1 
9690	64.5 
9831	64.3 
9974	63.5 
10119	63.1
10266	62.8
10416	62.1
10567	61.1
10721	60.5
10877	59.2
11035	58.4
11196	57.4
11358	56.4
11524	55.2
11691	54.2
11861	53  
12034	51.7
12209	50.8
12386	49.5
12567	48  
12749	46.7
12935	45.5
13123	44.5
13314	43.5
13507	42.1
13704	41.7
13903	40.7
14105	40.1
14311	39.8
14519	39.4
14730	39.2
14944	39.8
15162	39.9
15382	40.2
15606	41  
15833	42.1
16063	43.2
16297	44.2
16534	45.3
16774	46.8
17018	48  
17266	49.6
17517	51.3
17772	52.8
18030	54.3
18293	55.9
18559	57.2
18829	58.7
19102	59.2
19380	60.2
20000	61.3
overall dB	0.0 dB
decay	Average
averaging	No Smoothing
source	Totally Made Up


saved	--/-/--, --:-- AM
peak	0.0Hz
