
Frequency	dB	Unweighted
19.5	61   
19.8	61.1 
20.1	61.2 
20.3	61.2 
20.6	61.5 
20.9	61.4 
21.2	61.7 
21.6	61.6 
21.9	61.8 
22.2	61.9 
22.5	61.9 
22.8	62   
23.2	62.1 
23.5	62.2 
23.8	62.2 
24.2	62.4 
24.5	62.4 
24.9	62.5 
25.3	62.7 
25.6	62.6 
26	62.9   
26.4	63   
26.8	62.9 
27.2	63   
27.5	63.1 
28	63.3   
28.4	63.2 
28.8	63.3 
29.2	63.4 
29.6	63.4 
30	63.6   
30.5	63.7 
30.9	63.6 
31.4	63.8 
31.8	63.8 
32.3	63.9 
32.8	63.9 
33.2	64.1 
33.7	64.1 
34.2	64.1 
34.7	64.3 
35.2	64.4 
35.7	64.3 
36.2	64.4 
36.8	64.5 
37.3	64.6 
37.9	64.7 
38.4	64.6 
39	64.8   
39.5	64.9 
40.1	65   
40.7	64.9 
41.3	65   
41.9	65   
42.5	65.2 
43.1	65.1 
43.7	65.2 
44.4	65.2 
45	65.4   
45.7	65.5 
46.3	65.4 
47	65.5   
47.7	65.6 
48.4	65.7 
49.1	65.6 
49.8	65.7 
50.5	65.8 
51.3	65.8 
52	65.9   
52.8	66.1 
53.5	66   
54.3	66.1 
55.1	66.1 
55.9	66.2 
56.7	66.2 
57.5	66.2 
58.4	66.4 
59.2	66.3 
60.1	66.5 
61	66.4   
61.8	66.5 
62.7	66.6 
63.7	66.7 
64.6	66.7 
65.5	66.7 
66.5	66.8 
67.4	66.7 
68.4	66.9 
69.4	66.8 
70.4	66.8 
71.5	66.8 
72.5	66.9 
73.5	67   
74.6	66.9 
75.7	67   
76.8	67.2 
77.9	67.1 
79.1	67.1 
80.2	67.1 
81.4	67.2 
82.6	67.3 
83.8	67.2 
85	67.2   
86.2	67.2 
87.5	67.3 
88.7	67.3 
90	67.3   
91.3	67.4 
92.7	67.4 
94	67.5   
95.4	67.3 
96.8	67.5 
98.2	67.5 
99.6	67.5 
101	67.4  
103	67.5  
104	67.6  
106	67.5  
107	67.4  
109	67.6  
110	67.5  
112	67.5  
113	67.4  
115	67.5  
117	67.5  
118	67.4  
120	67.6  
122	67.4  
124	67.5  
125	67.4  
127	67.5  
129	67.4  
131	67.5  
133	67.4  
135	67.4  
137	67.4  
139	67.3  
141	67.3  
143	67.4  
145	67.3  
147	67.4  
149	67.2  
151	67.2  
154	67.3  
156	67.3  
158	67.3  
160	67.2  
163	67.3  
165	67.1  
168	67.1  
170	67.2  
172	67.2  
175	67.1  
177	67.2  
180	67.2  
183	67.1  
185	67    
188	67    
191	67.1  
194	67    
196	67    
199	67    
202	66.9  
205	67    
208	66.8  
211	66.9  
214	66.9  
217	66.7  
220	66.7  
224	66.7  
227	66.6  
230	66.6  
234	66.6  
237	66.5  
240	66.6  
244	66.4  
247	66.4  
251	66.4  
255	66.4  
258	66.4  
262	66.3  
266	66.1  
270	66.1  
274	66.1  
278	66    
282	65.8  
286	65.8  
290	65.7  
294	65.6  
298	65.7  
303	65.4  
307	65.4  
312	65.3  
316	65.2  
321	65.2  
325	65.2  
330	65    
335	64.9  
340	64.8  
345	64.8  
350	64.7  
355	64.5  
360	64.3  
365	64.2  
371	64.2  
376	64.1  
382	63.9  
387	63.8  
393	63.7  
398	63.7  
404	63.6  
410	63.4  
416	63.2  
422	63.2  
428	63    
434	62.9  
441	62.7  
447	62.6  
454	62.6  
460	62.5  
467	62.2  
474	62.1  
481	62.1  
488	61.8  
495	61.8  
502	61.6  
509	61.4  
517	61.3  
524	61.1  
532	61    
540	60.9  
547	60.7  
555	60.6  
563	60.5  
572	60.3  
580	60.2  
588	60.2  
597	60    
606	59.8  
614	59.6  
623	59.5  
632	59.5  
642	59.4  
651	59.2  
660	59.1  
670	59    
680	58.9  
690	58.6  
700	58.6  
710	58.4  
720	58.3  
731	58.2  
741	58.1  
752	58.1  
763	57.9  
774	57.7  
785	57.6  
797	57.5  
808	57.4  
820	57.4  
832	57.2  
844	57.1  
856	57.1  
869	56.9  
882	56.8  
894	56.7  
907	56.8  
921	56.6  
934	56.5  
948	56.5  
961	56.4  
975	56.4  
990	56.2  
1004	56.1 
1019	56.1 
1033	56.1 
1048	56   
1064	56.1 
1079	56.1 
1095	56   
1111	55.8 
1127	55.9 
1143	55.9 
1160	56   
1177	55.9 
1194	56   
1211	55.9 
1229	56   
1247	56   
1265	56   
1283	56.1 
1302	56.1 
1321	56.2 
1340	56.1 
1360	56.3 
1379	56.4 
1399	56.3 
1420	56.5 
1440	56.7 
1461	56.7 
1483	56.9 
1504	57.1 
1526	57.1 
1548	57.3 
1571	57.5 
1594	57.6 
1617	57.8 
1640	58   
1664	58.2 
1688	58.5 
1713	58.6 
1738	58.8 
1763	59.3 
1789	59.4 
1815	59.6 
1841	60   
1868	60.3 
1895	60.6 
1923	61.1 
1951	61.3 
1979	61.8 
2008	62.1 
2037	62.6 
2067	62.9 
2097	63.5 
2127	63.8 
2158	64.2 
2190	64.8 
2221	65.3 
2254	65.8 
2287	66.2 
2320	66.6 
2354	67.2 
2388	67.8 
2423	68.3 
2458	68.7 
2494	69.3 
2530	69.7 
2567	70.2 
2604	70.7 
2642	71.3 
2680	71.7 
2719	72.2 
2759	72.7 
2799	73.1 
2840	73.4 
2881	73.9 
2923	74.3 
2965	74.7 
3008	74.9 
3052	75.2 
3097	75.5 
3142	75.5 
3187	75.7 
3234	75.9 
3281	75.9 
3328	76   
3377	75.9 
3426	75.9 
3476	75.8 
3526	75.6 
3578	75.4 
3630	75.2 
3682	74.8 
3736	74.6 
3790	74.2 
3846	73.8 
3901	73.4 
3958	73   
4016	72.5 
4074	72.1 
4133	71.9 
4194	71.7 
4255	71.6 
4316	71.6 
4379	71.6 
4443	71.6 
4508	71.6 
4573	71.7 
4640	71.5 
4707	71.4 
4776	71.1 
4845	70.8 
4916	70   
4987	69.1 
5060	68.2 
5133	67.1 
5208	65.7 
5284	64.6 
5360	63.6 
5438	62.6 
5518	61.9 
5598	61.2 
5679	60.7 
5762	60.2 
5846	60.1 
5931	59.9 
6017	60   
6104	59.8 
6193	59.9 
6283	59.9 
6375	59.9 
6467	59.8 
6561	59.7 
6657	59.8 
6754	59.5 
6852	59.3 
6952	59.3 
7053	59.3 
7155	59.4 
7259	59.3 
7365	59.5 
7472	59.7 
7581	59.5 
7691	59.2 
7803	58.8 
7916	58.3 
8032	57.9 
8148	57.7 
8267	57.4 
8387	57.5 
8509	57.7 
8633	57.7 
8758	58.1 
8886	58.4 
9015	59.2 
9146	60   
9279	61   
9414	61.8 
9551	62.3 
9690	62.3 
9831	62.2 
9974	62.2 
10119	62  
10266	62.2
10416	62.5
10567	63  
10721	63.6
10877	63.9
11035	64.1
11196	63.7
11358	63  
11524	62.1
11691	60.9
11861	60.1
12034	59.6
12209	58.9
12386	57.8
12567	56.4
12749	55.2
12935	53.4
13123	52  
13314	51  
13507	49.9
13704	48.8
13903	47.9
14105	46.8
14311	45.7
14519	45.1
14730	44.5
14944	44  
15162	43.5
15382	43.2
15606	43  
15833	42.6
16063	42.6
16297	42.6
16534	42.6
16774	42.6
17018	42.7
17266	43  
17517	43.4
17772	43.7
18030	44.2
18293	45  
18559	45.7
18829	46.5
19102	47.9
19380	49.2
20000	52.2
overall dB	0.0 dB
decay	Average
averaging	No Smoothing
source	Totally Made Up


saved	--/-/--, --:-- AM
peak	0.0Hz
