
Frequency	dB	Unweighted
19.5	64.6 
19.8	64.7 
20.1	64.8 
20.3	65.1 
20.6	64.8 
20.9	64.9 
21.2	65   
21.6	65.3 
21.9	65.3 
22.2	65.4 
22.5	65.3 
22.8	65.4 
23.2	65.6 
23.5	65.6 
23.8	65.6 
24.2	66   
24.5	65.9 
24.9	66.2 
25.3	65.8 
25.6	65.9 
26	66.3   
26.4	66.4 
26.8	66.2 
27.2	66.4 
27.5	66.3 
28	66.6   
28.4	66.1 
28.8	66.3 
29.2	66.3 
29.6	66.5 
30	66.5   
30.5	66.9 
30.9	66.6 
31.4	66.5 
31.8	66.5 
32.3	66.9 
32.8	67.1 
33.2	67   
33.7	66.7 
34.2	67.2 
34.7	67.1 
35.2	66.9 
35.7	67   
36.2	67.1 
36.8	67   
37.3	67.3 
37.9	67.4 
38.4	67.6 
39	67.6   
39.5	67.5 
40.1	67.7 
40.7	67.4 
41.3	67.6 
41.9	67.5 
42.5	67.5 
43.1	67.8 
43.7	67.5 
44.4	67.8 
45	67.8   
45.7	67.6 
46.3	68.1 
47	67.8   
47.7	68.1 
48.4	67.9 
49.1	67.8 
49.8	68.2 
50.5	67.9 
51.3	67.8 
52	67.9   
52.8	68.1 
53.5	68   
54.3	68   
55.1	68.2 
55.9	68.4 
56.7	68.6 
57.5	68.5 
58.4	68.4 
59.2	68.6 
60.1	68.2 
61	68.8   
61.8	68.3 
62.7	68.7 
63.7	68.4 
64.6	68.9 
65.5	68.6 
66.5	68.9 
67.4	68.5 
68.4	68.9 
69.4	68.7 
70.4	68.5 
71.5	69   
72.5	68.5 
73.5	68.8 
74.6	68.9 
75.7	68.9 
76.8	68.9 
77.9	69.1 
79.1	68.7 
80.2	68.8 
81.4	69   
82.6	69.1 
83.8	69.2 
85	69     
86.2	68.9 
87.5	69.2 
88.7	69.2 
90	69.3   
91.3	69.2 
92.7	69.1 
94	68.9   
95.4	69.3 
96.8	69.4 
98.2	69.1 
99.6	69.1 
101	69.2  
103	69.2  
104	69.5  
106	69.4  
107	69.3  
109	69    
110	69    
112	69.2  
113	68.9  
115	69.4  
117	69.2  
118	69.1  
120	69.4  
122	69.2  
124	69.3  
125	69    
127	68.9  
129	68.8  
131	69.3  
133	69    
135	69    
137	68.8  
139	69.1  
141	69    
143	69.1  
145	69.1  
147	68.8  
149	68.7  
151	68.7  
154	68.7  
156	68.9  
158	68.8  
160	68.8  
163	69.1  
165	69    
168	69    
170	69.1  
172	69    
175	68.9  
177	69    
180	69.2  
183	69    
185	68.8  
188	69    
191	69    
194	68.8  
196	69.1  
199	69    
202	69    
205	68.8  
208	69.1  
211	69    
214	69.2  
217	69    
220	69.2  
224	68.9  
227	69.2  
230	69.1  
234	69.1  
237	68.9  
240	68.8  
244	69    
247	68.7  
251	69.1  
255	69    
258	68.7  
262	68.7  
266	68.8  
270	68.8  
274	68.9  
278	68.5  
282	68.6  
286	68.9  
290	68.8  
294	68.9  
298	68.5  
303	68.8  
307	68.5  
312	68.2  
316	68.5  
321	68.6  
325	68.4  
330	68.4  
335	68    
340	68.2  
345	68.2  
350	67.7  
355	67.8  
360	67.7  
365	68.1  
371	67.7  
376	67.6  
382	67.6  
387	67.6  
393	67.3  
398	67.2  
404	67    
410	67    
416	67    
422	66.7  
428	66.9  
434	66.9  
441	66.8  
447	66.3  
454	66.4  
460	66.1  
467	66.2  
474	66.2  
481	65.6  
488	65.7  
495	65.3  
502	65.4  
509	65.3  
517	65.2  
524	64.7  
532	64.8  
540	64.6  
547	64.3  
555	64    
563	64.2  
572	63.7  
580	63.5  
588	64    
597	63.8  
606	63.3  
614	63.1  
623	63.2  
632	63    
642	62.9  
651	62.4  
660	62.1  
670	61.8  
680	62.2  
690	61.8  
700	61.6  
710	61.3  
720	61.2  
731	61.2  
741	60.8  
752	60.8  
763	60.2  
774	60.2  
785	60    
797	60.1  
808	60    
820	59.6  
832	59.5  
844	59    
856	59    
869	58.7  
882	58.6  
894	58.8  
907	58.7  
921	58.5  
934	58.2  
948	57.7  
961	58.1  
975	57.4  
990	57.4  
1004	57.3 
1019	57.4 
1033	57.5 
1048	57   
1064	56.9 
1079	56.7 
1095	56.9 
1111	56.9 
1127	56.9 
1143	56.8 
1160	56.5 
1177	56.7 
1194	56.6 
1211	56.8 
1229	56.7 
1247	56.8 
1265	56.5 
1283	56.6 
1302	56.6 
1321	56.7 
1340	56.7 
1360	56.9 
1379	57   
1399	57.3 
1420	57.3 
1440	57.5 
1461	58   
1483	58   
1504	58.2 
1526	58.5 
1548	58.6 
1571	59.1 
1594	58.8 
1617	59.1 
1640	59.5 
1664	59.9 
1688	59.9 
1713	60.3 
1738	60.6 
1763	61   
1789	61.6 
1815	61.6 
1841	62.3 
1868	62.7 
1895	62.9 
1923	63.3 
1951	63.8 
1979	64   
2008	64.4 
2037	64.9 
2067	65.6 
2097	66.2 
2127	66.7 
2158	67.1 
2190	67.4 
2221	67.9 
2254	68.4 
2287	68.9 
2320	69   
2354	69.9 
2388	70.3 
2423	70.4 
2458	71.4 
2494	71.6 
2530	71.8 
2567	72.6 
2604	73.2 
2642	73.7 
2680	73.6 
2719	74.4 
2759	74.9 
2799	74.9 
2840	75.5 
2881	76   
2923	76   
2965	76.7 
3008	76.6 
3052	76.9 
3097	77.7 
3142	77.8 
3187	77.6 
3234	78.2 
3281	78.2 
3328	78.4 
3377	78.6 
3426	78.4 
3476	78.9 
3526	78.8 
3578	78.4 
3630	78.4 
3682	78.6 
3736	78.5 
3790	78.3 
3846	77.9 
3901	77.9 
3958	78.1 
4016	77.9 
4074	77.3 
4133	77.3 
4194	76.6 
4255	76.4 
4316	76.2 
4379	75.9 
4443	75.5 
4508	75   
4573	74.6 
4640	74   
4707	73.6 
4776	73   
4845	72.4 
4916	72   
4987	71.4 
5060	70.9 
5133	70.4 
5208	69.6 
5284	69.1 
5360	68.5 
5438	68   
5518	67.4 
5598	67   
5679	66.2 
5762	65.6 
5846	65.2 
5931	64.8 
6017	64.5 
6104	64.2 
6193	63.6 
6283	63.4 
6375	62.9 
6467	62.9 
6561	62.6 
6657	62.1 
6754	61.4 
6852	61.4 
6952	61.1 
7053	60.5 
7155	60.3 
7259	59.7 
7365	59.5 
7472	59   
7581	58.7 
7691	58.4 
7803	58.3 
7916	58.1 
8032	58   
8148	58   
8267	58   
8387	58   
8509	58.4 
8633	58.1 
8758	58.4 
8886	59   
9015	58.9 
9146	59.6 
9279	59.7 
9414	60   
9551	60.2 
9690	61.2 
9831	61.4 
9974	61.8 
10119	62.2
10266	62.7
10416	63.2
10567	64  
10721	64.3
10877	65  
11035	65.1
11196	66  
11358	66  
11524	66.6
11691	66.8
11861	66.6
12034	66.8
12209	66.9
12386	66.3
12567	65.9
12749	65.9
12935	65.4
13123	64.5
13314	64.1
13507	63.3
13704	61.9
13903	61.3
14105	60.4
14311	59.1
14519	57.7
14730	56.6
14944	55.5
15162	54.4
15382	53.3
15606	51.9
15833	50.6
16063	49.7
16297	48.7
16534	47.6
16774	47.1
17018	46.1
17266	45.8
17517	45.5
17772	45.2
18030	45.1
18293	44.9
18559	45  
18829	45.4
19102	46.2
19380	46.9
20000	48.4
overall dB	0.0 dB
decay	Average
averaging	No Smoothing
source	Totally Made Up


saved	--/-/--, --:-- AM
peak	0.0Hz
