
Frequency	dB	Unweighted
19.5	61.4 
19.8	61.5 
20.1	61.7 
20.3	61.7 
20.6	61.9 
20.9	61.9 
21.2	61.9 
21.6	62.1 
21.9	62.2 
22.2	62.4 
22.5	62.5 
22.8	62.5 
23.2	62.6 
23.5	62.7 
23.8	62.7 
24.2	62.9 
24.5	63   
24.9	63.1 
25.3	63.2 
25.6	63.2 
26	63.4   
26.4	63.3 
26.8	63.5 
27.2	63.7 
27.5	63.7 
28	63.7   
28.4	63.9 
28.8	64   
29.2	64.1 
29.6	64.1 
30	64.2   
30.5	64.3 
30.9	64.2 
31.4	64.4 
31.8	64.4 
32.3	64.6 
32.8	64.7 
33.2	64.8 
33.7	64.8 
34.2	64.8 
34.7	64.9 
35.2	64.9 
35.7	65.2 
36.2	65.1 
36.8	65.2 
37.3	65.2 
37.9	65.3 
38.4	65.5 
39	65.6   
39.5	65.6 
40.1	65.6 
40.7	65.8 
41.3	65.8 
41.9	65.9 
42.5	65.9 
43.1	65.9 
43.7	66   
44.4	66   
45	66     
45.7	66.2 
46.3	66.3 
47	66.4   
47.7	66.3 
48.4	66.4 
49.1	66.4 
49.8	66.6 
50.5	66.6 
51.3	66.8 
52	66.8   
52.8	66.8 
53.5	66.8 
54.3	66.9 
55.1	66.9 
55.9	67   
56.7	67   
57.5	67   
58.4	67.2 
59.2	67.2 
60.1	67.2 
61	67.3   
61.8	67.3 
62.7	67.4 
63.7	67.5 
64.6	67.5 
65.5	67.6 
66.5	67.5 
67.4	67.7 
68.4	67.7 
69.4	67.7 
70.4	67.7 
71.5	67.7 
72.5	67.7 
73.5	67.9 
74.6	67.8 
75.7	67.8 
76.8	68   
77.9	68.1 
79.1	67.9 
80.2	68.1 
81.4	68   
82.6	68   
83.8	68.1 
85	68.1   
86.2	68   
87.5	68.3 
88.7	68.1 
90	68.3   
91.3	68.3 
92.7	68.2 
94	68.3   
95.4	68.3 
96.8	68.4 
98.2	68.2 
99.6	68.2 
101	68.2  
103	68.3  
104	68.4  
106	68.3  
107	68.3  
109	68.3  
110	68.3  
112	68.2  
113	68.3  
115	68.3  
117	68.1  
118	68.2  
120	68.3  
122	68.2  
124	68.1  
125	68.1  
127	68    
129	68    
131	67.9  
133	68    
135	67.9  
137	68    
139	67.9  
141	67.9  
143	67.9  
145	67.9  
147	67.8  
149	67.8  
151	67.8  
154	67.8  
156	67.7  
158	67.8  
160	67.7  
163	67.6  
165	67.6  
168	67.6  
170	67.6  
172	67.4  
175	67.5  
177	67.5  
180	67.5  
183	67.3  
185	67.4  
188	67.2  
191	67.3  
194	67.3  
196	67.1  
199	67.2  
202	67.1  
205	67.1  
208	67.1  
211	66.9  
214	67    
217	66.8  
220	66.8  
224	66.7  
227	66.7  
230	66.7  
234	66.5  
237	66.5  
240	66.5  
244	66.3  
247	66.3  
251	66.3  
255	66.1  
258	66.1  
262	66.1  
266	66    
270	65.8  
274	65.8  
278	65.6  
282	65.5  
286	65.5  
290	65.4  
294	65.3  
298	65.2  
303	65    
307	65.1  
312	64.8  
316	64.7  
321	64.7  
325	64.5  
330	64.4  
335	64.4  
340	64.1  
345	64.1  
350	64.1  
355	63.8  
360	63.7  
365	63.7  
371	63.4  
376	63.3  
382	63.3  
387	63.1  
393	63    
398	62.8  
404	62.7  
410	62.7  
416	62.4  
422	62.3  
428	62.1  
434	62    
441	62    
447	61.8  
454	61.6  
460	61.5  
467	61.4  
474	61.2  
481	61.1  
488	61    
495	60.8  
502	60.8  
509	60.6  
517	60.4  
524	60.3  
532	60.2  
540	60    
547	59.9  
555	59.9  
563	59.7  
572	59.5  
580	59.5  
588	59.2  
597	59.2  
606	59    
614	58.9  
623	58.9  
632	58.7  
642	58.5  
651	58.6  
660	58.4  
670	58.3  
680	58.2  
690	58.2  
700	58    
710	57.9  
720	57.8  
731	57.7  
741	57.8  
752	57.6  
763	57.4  
774	57.5  
785	57.3  
797	57.4  
808	57.2  
820	57.2  
832	57.2  
844	57.1  
856	57.1  
869	57    
882	57    
894	56.9  
907	56.9  
921	56.9  
934	56.8  
948	56.7  
961	56.8  
975	56.8  
990	56.7  
1004	56.8 
1019	56.7 
1033	56.8 
1048	56.8 
1064	56.8 
1079	56.8 
1095	56.8 
1111	57   
1127	57   
1143	57   
1160	57.1 
1177	57.2 
1194	57.3 
1211	57.4 
1229	57.4 
1247	57.6 
1265	57.8 
1283	57.8 
1302	58   
1321	58.2 
1340	58.4 
1360	58.7 
1379	58.8 
1399	58.9 
1420	59.3 
1440	59.4 
1461	59.8 
1483	60   
1504	60.4 
1526	60.6 
1548	60.9 
1571	61.3 
1594	61.7 
1617	62   
1640	62.4 
1664	62.9 
1688	63.3 
1713	63.6 
1738	64.2 
1763	64.7 
1789	65.1 
1815	65.6 
1841	66.2 
1868	66.6 
1895	67.2 
1923	67.9 
1951	68.2 
1979	68.9 
2008	69.5 
2037	70   
2067	70.6 
2097	71.1 
2127	71.7 
2158	72.2 
2190	72.7 
2221	73.3 
2254	73.9 
2287	74.4 
2320	74.9 
2354	75.4 
2388	75.8 
2423	76.1 
2458	76.6 
2494	77   
2530	77.2 
2567	77.5 
2604	77.7 
2642	77.9 
2680	78   
2719	78.1 
2759	78.3 
2799	78.2 
2840	78   
2881	78   
2923	77.9 
2965	77.7 
3008	77.3 
3052	77.1 
3097	76.5 
3142	76.1 
3187	75.7 
3234	75.2 
3281	74.5 
3328	73.9 
3377	73.2 
3426	72.5 
3476	71.9 
3526	71.2 
3578	70.3 
3630	69.6 
3682	68.9 
3736	68.3 
3790	67.6 
3846	67.3 
3901	66.9 
3958	66.7 
4016	66.6 
4074	66.6 
4133	66.6 
4194	66.5 
4255	66.7 
4316	66.7 
4379	66.6 
4443	66.2 
4508	65.9 
4573	65.4 
4640	64.7 
4707	63.8 
4776	62.7 
4845	61.9 
4916	61   
4987	60.4 
5060	59.7 
5133	59.3 
5208	59   
5284	58.9 
5360	58.9 
5438	59.1 
5518	59.3 
5598	59.4 
5679	59.7 
5762	60   
5846	60.4 
5931	60.8 
6017	61.3 
6104	61.8 
6193	62.4 
6283	62.9 
6375	63.7 
6467	64.6 
6561	65.7 
6657	66.9 
6754	68.2 
6852	69.3 
6952	70.3 
7053	71.1 
7155	71.4 
7259	71.6 
7365	71.5 
7472	71.5 
7581	71.7 
7691	71.9 
7803	72.3 
7916	72.6 
8032	72.7 
8148	73   
8267	73.4 
8387	73.8 
8509	74.1 
8633	74.1 
8758	73.4 
8886	72.4 
9015	70.9 
9146	69   
9279	67.2 
9414	65.4 
9551	63.6 
9690	62.2 
9831	60.8 
9974	59.3 
10119	57.6
10266	55.8
10416	54  
10567	52.1
10721	50.2
10877	48.6
11035	47.5
11196	46.7
11358	45.7
11524	44.8
11691	44.2
11861	43.5
12034	43.2
12209	42.8
12386	42.4
12567	42.3
12749	42.2
12935	42.3
13123	42.3
13314	42.4
13507	42.6
13704	43  
13903	43.4
14105	44.2
14311	45  
14519	45.6
14730	46.8
14944	48.2
15162	49.7
15382	51.1
15606	52.5
15833	54.6
16063	56.5
16297	58  
16534	59.6
16774	61.2
17018	62.5
17266	63.2
17517	63.9
17772	64  
18030	63.9
18293	63.1
18559	62.1
18829	60.9
19102	59  
19380	57  
20000	52.7
overall dB	0.0 dB
decay	Average
averaging	No Smoothing
source	Totally Made Up


saved	--/-/--, --:-- AM
peak	0.0Hz
