
Frequency	dB	Unweighted
19.5	60.8 
19.8	61.1 
20.1	61.1 
20.3	61.3 
20.6	61.4 
20.9	61.6 
21.2	61.7 
21.6	61.8 
21.9	61.9 
22.2	62   
22.5	62.2 
22.8	62.2 
23.2	62.3 
23.5	62.5 
23.8	62.5 
24.2	62.7 
24.5	62.7 
24.9	62.9 
25.3	63   
25.6	63.1 
26	63.2   
26.4	63.3 
26.8	63.4 
27.2	63.5 
27.5	63.7 
28	63.8   
28.4	63.8 
28.8	63.9 
29.2	63.9 
29.6	64.2 
30	64.2   
30.5	64.2 
30.9	64.4 
31.4	64.5 
31.8	64.6 
32.3	64.8 
32.8	64.8 
33.2	64.9 
33.7	65   
34.2	65   
34.7	65.1 
35.2	65.1 
35.7	65.2 
36.2	65.4 
36.8	65.4 
37.3	65.5 
37.9	65.5 
38.4	65.6 
39	65.8   
39.5	65.8 
40.1	65.9 
40.7	66   
41.3	66.1 
41.9	66.1 
42.5	66.3 
43.1	66.3 
43.7	66.3 
44.4	66.4 
45	66.5   
45.7	66.6 
46.3	66.6 
47	66.6   
47.7	66.7 
48.4	66.8 
49.1	66.9 
49.8	66.9 
50.5	67   
51.3	67.2 
52	67.2   
52.8	67.2 
53.5	67.3 
54.3	67.5 
55.1	67.4 
55.9	67.5 
56.7	67.5 
57.5	67.5 
58.4	67.6 
59.2	67.7 
60.1	67.8 
61	67.8   
61.8	67.8 
62.7	67.9 
63.7	67.9 
64.6	68   
65.5	68.2 
66.5	68.1 
67.4	68.1 
68.4	68.3 
69.4	68.3 
70.4	68.4 
71.5	68.4 
72.5	68.3 
73.5	68.4 
74.6	68.5 
75.7	68.4 
76.8	68.5 
77.9	68.5 
79.1	68.5 
80.2	68.6 
81.4	68.7 
82.6	68.7 
83.8	68.7 
85	68.7   
86.2	68.8 
87.5	68.7 
88.7	68.8 
90	68.8   
91.3	68.8 
92.7	68.7 
94	68.9   
95.4	69   
96.8	68.9 
98.2	69   
99.6	68.8 
101	69    
103	68.8  
104	68.8  
106	68.9  
107	68.8  
109	68.8  
110	68.9  
112	68.8  
113	68.8  
115	68.8  
117	68.7  
118	68.8  
120	68.7  
122	68.6  
124	68.7  
125	68.7  
127	68.4  
129	68.6  
131	68.5  
133	68.5  
135	68.3  
137	68.3  
139	68.3  
141	68.2  
143	68.2  
145	68.1  
147	68    
149	67.9  
151	67.9  
154	67.9  
156	67.7  
158	67.8  
160	67.8  
163	67.7  
165	67.5  
168	67.5  
170	67.4  
172	67.3  
175	67.3  
177	67.2  
180	67.2  
183	67.1  
185	66.9  
188	66.9  
191	66.8  
194	66.7  
196	66.6  
199	66.5  
202	66.4  
205	66.2  
208	66.2  
211	66.1  
214	66    
217	66    
220	65.8  
224	65.7  
227	65.6  
230	65.4  
234	65.2  
237	65.2  
240	65    
244	64.9  
247	64.7  
251	64.7  
255	64.5  
258	64.4  
262	64.3  
266	64    
270	63.8  
274	63.8  
278	63.6  
282	63.3  
286	63.4  
290	63    
294	62.9  
298	62.8  
303	62.6  
307	62.4  
312	62.2  
316	62.1  
321	62    
325	61.8  
330	61.5  
335	61.5  
340	61.2  
345	61.1  
350	60.9  
355	60.7  
360	60.5  
365	60.2  
371	60.1  
376	59.9  
382	59.8  
387	59.6  
393	59.4  
398	59.2  
404	59    
410	58.9  
416	58.7  
422	58.5  
428	58.4  
434	58.2  
441	57.9  
447	57.8  
454	57.5  
460	57.4  
467	57.3  
474	57.1  
481	57    
488	56.9  
495	56.6  
502	56.5  
509	56.3  
517	56.3  
524	56.1  
532	55.9  
540	55.8  
547	55.7  
555	55.5  
563	55.4  
572	55.4  
580	55.3  
588	55.2  
597	55    
606	55    
614	54.7  
623	54.6  
632	54.7  
642	54.6  
651	54.5  
660	54.4  
670	54.3  
680	54.2  
690	54.3  
700	54.1  
710	54.1  
720	54.2  
731	54.1  
741	54    
752	54    
763	53.9  
774	53.9  
785	53.9  
797	53.9  
808	54    
820	54.1  
832	54    
844	54    
856	54.1  
869	54    
882	54.2  
894	54.3  
907	54.3  
921	54.3  
934	54.5  
948	54.4  
961	54.6  
975	54.6  
990	54.9  
1004	55   
1019	55.1 
1033	55.1 
1048	55.4 
1064	55.5 
1079	55.7 
1095	56   
1111	56.2 
1127	56.5 
1143	56.6 
1160	57   
1177	57.2 
1194	57.5 
1211	57.9 
1229	58.2 
1247	58.5 
1265	59   
1283	59.5 
1302	59.9 
1321	60.2 
1340	60.8 
1360	61.3 
1379	61.7 
1399	62.3 
1420	62.8 
1440	63.4 
1461	64   
1483	64.6 
1504	65.1 
1526	65.7 
1548	66.4 
1571	67.1 
1594	67.7 
1617	68.1 
1640	68.9 
1664	69.4 
1688	70.2 
1713	70.7 
1738	71.4 
1763	71.9 
1789	72.6 
1815	73.1 
1841	73.6 
1868	74.1 
1895	74.4 
1923	74.9 
1951	75.3 
1979	75.6 
2008	76   
2037	76.3 
2067	76.4 
2097	76.6 
2127	76.6 
2158	76.4 
2190	76.4 
2221	76.3 
2254	76.1 
2287	76   
2320	75.6 
2354	75.3 
2388	74.8 
2423	74.3 
2458	73.8 
2494	73.1 
2530	72.4 
2567	71.7 
2604	71   
2642	70.1 
2680	69.3 
2719	68.6 
2759	67.7 
2799	66.7 
2840	65.9 
2881	65.1 
2923	64.1 
2965	63.2 
3008	62.4 
3052	61.7 
3097	60.9 
3142	60.1 
3187	59.5 
3234	59.1 
3281	58.8 
3328	58.5 
3377	58.4 
3426	58.4 
3476	58.8 
3526	58.9 
3578	59.4 
3630	59.6 
3682	60   
3736	60.2 
3790	60.3 
3846	60.3 
3901	60   
3958	59.7 
4016	59.2 
4074	58.5 
4133	58   
4194	57.6 
4255	57.2 
4316	56.9 
4379	57   
4443	57   
4508	57.5 
4573	57.9 
4640	58.6 
4707	59.3 
4776	60.2 
4845	61.3 
4916	62.2 
4987	63.5 
5060	64.7 
5133	66   
5208	67.3 
5284	68.7 
5360	70.2 
5438	72   
5518	73.9 
5598	76.1 
5679	78.1 
5762	79.9 
5846	81.4 
5931	82.7 
6017	83.2 
6104	83.4 
6193	83.3 
6283	82.8 
6375	82   
6467	80.9 
6561	80   
6657	78.7 
6754	77.6 
6852	76.1 
6952	74.8 
7053	73.2 
7155	71.6 
7259	69.6 
7365	67.2 
7472	64.9 
7581	62.5 
7691	60.2 
7803	57.7 
7916	55.4 
8032	53.1 
8148	51.4 
8267	49.8 
8387	48.3 
8509	46.8 
8633	45.5 
8758	44.2 
8886	43   
9015	42   
9146	41   
9279	40.4 
9414	39.7 
9551	39.2 
9690	39   
9831	39.1 
9974	39.3 
10119	39.8
10266	40.6
10416	41.4
10567	42.3
10721	43.8
10877	45.3
11035	47.1
11196	48.9
11358	50  
11524	49.7
11691	47.4
11861	48.6
12034	53.1
12209	54.8
12386	54.8
12567	54.4
12749	53.5
12935	51.9
13123	50.1
13314	47.8
13507	45.7
13704	43.6
13903	41.4
14105	39.6
14311	37.7
14519	36.3
14730	35.2
14944	34.3
15162	33.8
15382	33.4
15606	33.3
15833	33.3
16063	33.4
16297	33.6
16534	34.1
16774	35  
17018	36.1
17266	37.5
17517	39.3
17772	41.4
18030	43.8
18293	46.5
18559	49.1
18829	51.6
19102	53.6
19380	54.9
20000	55.4
overall dB	0.0 dB
decay	Average
averaging	No Smoothing
source	Totally Made Up


saved	--/-/--, --:-- AM
peak	0.0Hz
