
Frequency	dB	Unweighted
19.5	58.9 
19.8	59.1 
20.1	59.3 
20.3	59.5 
20.6	59.7 
20.9	59.8 
21.2	59.8 
21.6	60.1 
21.9	60.2 
22.2	60.3 
22.5	60.5 
22.8	60.7 
23.2	60.7 
23.5	60.9 
23.8	61   
24.2	61.2 
24.5	61.3 
24.9	61.4 
25.3	61.5 
25.6	61.7 
26	61.8   
26.4	61.8 
26.8	61.9 
27.2	62   
27.5	62.2 
28	62.2   
28.4	62.4 
28.8	62.4 
29.2	62.5 
29.6	62.7 
30	62.7   
30.5	62.8 
30.9	62.9 
31.4	63   
31.8	63.1 
32.3	63.2 
32.8	63.3 
33.2	63.4 
33.7	63.5 
34.2	63.6 
34.7	63.7 
35.2	63.8 
35.7	63.7 
36.2	64   
36.8	64   
37.3	63.9 
37.9	64.1 
38.4	64.2 
39	64.2   
39.5	64.4 
40.1	64.4 
40.7	64.5 
41.3	64.6 
41.9	64.7 
42.5	64.6 
43.1	64.8 
43.7	64.8 
44.4	64.8 
45	64.9   
45.7	65   
46.3	65.1 
47	65.3   
47.7	65.2 
48.4	65.3 
49.1	65.4 
49.8	65.5 
50.5	65.5 
51.3	65.6 
52	65.5   
52.8	65.6 
53.5	65.8 
54.3	65.7 
55.1	65.9 
55.9	65.9 
56.7	66   
57.5	66   
58.4	66.1 
59.2	66.1 
60.1	66.3 
61	66.3   
61.8	66.3 
62.7	66.2 
63.7	66.4 
64.6	66.4 
65.5	66.4 
66.5	66.6 
67.4	66.6 
68.4	66.7 
69.4	66.6 
70.4	66.6 
71.5	66.8 
72.5	66.7 
73.5	66.7 
74.6	66.8 
75.7	66.8 
76.8	66.8 
77.9	66.9 
79.1	67   
80.2	67.1 
81.4	67.1 
82.6	67.1 
83.8	67.1 
85	67.2   
86.2	67.1 
87.5	67.1 
88.7	67.2 
90	67.2   
91.3	67.2 
92.7	67.2 
94	67.2   
95.4	67.2 
96.8	67.3 
98.2	67.3 
99.6	67.3 
101	67.2  
103	67.4  
104	67.3  
106	67.2  
107	67.2  
109	67.2  
110	67.3  
112	67.3  
113	67.2  
115	67.2  
117	67.3  
118	67.3  
120	67.2  
122	67.1  
124	67.2  
125	67.2  
127	67.2  
129	67.1  
131	67.1  
133	67.1  
135	67.1  
137	66.9  
139	67    
141	66.9  
143	66.8  
145	66.8  
147	66.8  
149	66.9  
151	66.7  
154	66.8  
156	66.7  
158	66.6  
160	66.6  
163	66.7  
165	66.6  
168	66.6  
170	66.5  
172	66.6  
175	66.5  
177	66.5  
180	66.3  
183	66.4  
185	66.4  
188	66.3  
191	66.1  
194	66.1  
196	66.2  
199	66.1  
202	66    
205	65.9  
208	65.9  
211	65.8  
214	65.7  
217	65.7  
220	65.7  
224	65.5  
227	65.5  
230	65.4  
234	65.3  
237	65.3  
240	65.2  
244	65    
247	65.1  
251	65    
255	64.8  
258	64.9  
262	64.6  
266	64.6  
270	64.5  
274	64.3  
278	64.3  
282	64.3  
286	64.1  
290	64.1  
294	63.9  
298	63.9  
303	63.7  
307	63.7  
312	63.4  
316	63.3  
321	63.1  
325	63.1  
330	63    
335	62.8  
340	62.7  
345	62.5  
350	62.4  
355	62.3  
360	62.1  
365	62    
371	61.7  
376	61.6  
382	61.6  
387	61.4  
393	61.2  
398	61.1  
404	61    
410	60.8  
416	60.8  
422	60.6  
428	60.5  
434	60.2  
441	60.1  
447	59.9  
454	59.8  
460	59.6  
467	59.4  
474	59.2  
481	59.2  
488	58.9  
495	58.8  
502	58.6  
509	58.7  
517	58.4  
524	58.4  
532	58.1  
540	58    
547	57.9  
555	57.7  
563	57.5  
572	57.3  
580	57.3  
588	57.1  
597	57.1  
606	56.8  
614	56.7  
623	56.7  
632	56.4  
642	56.3  
651	56.2  
660	56.1  
670	55.9  
680	55.9  
690	55.9  
700	55.7  
710	55.6  
720	55.6  
731	55.5  
741	55.2  
752	55.2  
763	55.1  
774	55    
785	55    
797	54.9  
808	54.9  
820	54.7  
832	54.6  
844	54.7  
856	54.6  
869	54.4  
882	54.3  
894	54.5  
907	54.3  
921	54.3  
934	54.4  
948	54.3  
961	54.2  
975	54.1  
990	54.1  
1004	54.1 
1019	54.2 
1033	54   
1048	54.1 
1064	54.1 
1079	54.1 
1095	54.3 
1111	54.3 
1127	54.2 
1143	54.3 
1160	54.5 
1177	54.5 
1194	54.6 
1211	54.7 
1229	54.7 
1247	54.8 
1265	55   
1283	55.1 
1302	55.3 
1321	55.3 
1340	55.7 
1360	55.7 
1379	56   
1399	56.1 
1420	56.4 
1440	56.7 
1461	56.9 
1483	57   
1504	57.4 
1526	57.7 
1548	57.9 
1571	58.4 
1594	58.7 
1617	59   
1640	59.5 
1664	59.9 
1688	60.1 
1713	60.7 
1738	61   
1763	61.6 
1789	62   
1815	62.6 
1841	63   
1868	63.4 
1895	64   
1923	64.6 
1951	65.2 
1979	65.6 
2008	66.2 
2037	66.9 
2067	67.3 
2097	68   
2127	68.5 
2158	69.2 
2190	69.8 
2221	70.3 
2254	70.9 
2287	71.4 
2320	72   
2354	72.4 
2388	72.9 
2423	73.2 
2458	73.9 
2494	74.2 
2530	74.6 
2567	74.8 
2604	75.2 
2642	75.5 
2680	75.7 
2719	75.8 
2759	76   
2799	76   
2840	75.9 
2881	76   
2923	75.9 
2965	75.8 
3008	75.7 
3052	75.2 
3097	75.1 
3142	74.5 
3187	74.3 
3234	73.7 
3281	73.3 
3328	72.7 
3377	72.1 
3426	71.5 
3476	70.8 
3526	70   
3578	69.3 
3630	68.6 
3682	67.9 
3736	67.1 
3790	66.4 
3846	65.7 
3901	65.2 
3958	64.9 
4016	64.7 
4074	64.6 
4133	64.6 
4194	64.6 
4255	64.7 
4316	64.7 
4379	64.6 
4443	64.6 
4508	64.4 
4573	63.9 
4640	63.3 
4707	62.5 
4776	61.6 
4845	60.6 
4916	59.7 
4987	58.9 
5060	58.1 
5133	57.6 
5208	57.1 
5284	56.9 
5360	56.9 
5438	56.9 
5518	57   
5598	57.1 
5679	57.4 
5762	57.6 
5846	58   
5931	58.2 
6017	58.7 
6104	59.1 
6193	59.7 
6283	60.2 
6375	60.7 
6467	61.4 
6561	62.1 
6657	62.9 
6754	63.8 
6852	64.8 
6952	65.8 
7053	66.5 
7155	66.9 
7259	67.1 
7365	67   
7472	66.9 
7581	66.8 
7691	66.9 
7803	67   
7916	67.2 
8032	67.6 
8148	67.7 
8267	67.7 
8387	67.9 
8509	68.2 
8633	68.4 
8758	68.1 
8886	67.5 
9015	66.6 
9146	65.3 
9279	63.5 
9414	61.5 
9551	59.9 
9690	58.1 
9831	56.8 
9974	55.3 
10119	53.8
10266	51.9
10416	50.1
10567	48.2
10721	46.4
10877	44.5
11035	42.9
11196	41.8
11358	40.7
11524	39.7
11691	38.7
11861	37.8
12034	37  
12209	36.5
12386	36.1
12567	35.7
12749	35.3
12935	35.3
13123	35.2
13314	35.1
13507	35.2
13704	35.2
13903	35.6
14105	35.9
14311	36.4
14519	36.8
14730	37.4
14944	38.4
15162	39.5
15382	40.9
15606	42.2
15833	43.5
16063	45.4
16297	47.2
16534	48.8
16774	50.5
17018	52.4
17266	53.9
17517	55  
17772	56.2
18030	57  
18293	57.1
18559	56.9
18829	56.4
19102	55.7
19380	54.2
20000	50.4
overall dB	0.0 dB
decay	Average
averaging	No Smoothing
source	Totally Made Up


saved	--/-/--, --:-- AM
peak	0.0Hz
