
Frequency	dB	Unweighted
19.5	60.4 
19.8	60.5 
20.1	60.7 
20.3	60.7 
20.6	60.9 
20.9	60.9 
21.2	61.1 
21.6	61.1 
21.9	61.3 
22.2	61.4 
22.5	61.5 
22.8	61.4 
23.2	61.7 
23.5	61.6 
23.8	61.8 
24.2	61.8 
24.5	62   
24.9	62   
25.3	62.1 
25.6	62.3 
26	62.4   
26.4	62.3 
26.8	62.4 
27.2	62.5 
27.5	62.6 
28	62.8   
28.4	62.9 
28.8	62.9 
29.2	62.9 
29.6	63.1 
30	63.2   
30.5	63.2 
30.9	63.2 
31.4	63.4 
31.8	63.4 
32.3	63.5 
32.8	63.5 
33.2	63.6 
33.7	63.7 
34.2	63.7 
34.7	63.8 
35.2	64   
35.7	64.1 
36.2	64   
36.8	64.1 
37.3	64.1 
37.9	64.2 
38.4	64.3 
39	64.4   
39.5	64.5 
40.1	64.5 
40.7	64.5 
41.3	64.6 
41.9	64.8 
42.5	64.8 
43.1	64.8 
43.7	64.9 
44.4	64.9 
45	65     
45.7	65   
46.3	65.1 
47	65.1   
47.7	65.2 
48.4	65.3 
49.1	65.4 
49.8	65.4 
50.5	65.4 
51.3	65.5 
52	65.5   
52.8	65.6 
53.5	65.7 
54.3	65.7 
55.1	65.9 
55.9	65.8 
56.7	65.8 
57.5	66   
58.4	66   
59.2	66   
60.1	66.1 
61	66.2   
61.8	66.2 
62.7	66.2 
63.7	66.3 
64.6	66.3 
65.5	66.2 
66.5	66.5 
67.4	66.4 
68.4	66.3 
69.4	66.5 
70.4	66.5 
71.5	66.5 
72.5	66.7 
73.5	66.6 
74.6	66.7 
75.7	66.7 
76.8	66.6 
77.9	66.8 
79.1	66.8 
80.2	66.7 
81.4	66.9 
82.6	66.8 
83.8	66.9 
85	66.8   
86.2	66.9 
87.5	66.9 
88.7	67   
90	67     
91.3	67   
92.7	66.9 
94	66.9   
95.4	67.1 
96.8	67   
98.2	67.1 
99.6	67   
101	67    
103	67    
104	67    
106	67.1  
107	67    
109	67    
110	67    
112	67    
113	67    
115	67    
117	67    
118	66.9  
120	66.9  
122	66.9  
124	66.9  
125	66.8  
127	66.8  
129	66.8  
131	66.8  
133	66.8  
135	66.8  
137	66.7  
139	66.7  
141	66.6  
143	66.6  
145	66.6  
147	66.5  
149	66.5  
151	66.6  
154	66.5  
156	66.4  
158	66.4  
160	66.4  
163	66.4  
165	66.3  
168	66.3  
170	66.2  
172	66.3  
175	66.1  
177	66    
180	66.1  
183	65.9  
185	65.9  
188	65.9  
191	65.8  
194	65.8  
196	65.7  
199	65.6  
202	65.5  
205	65.6  
208	65.5  
211	65.3  
214	65.2  
217	65.3  
220	65.1  
224	65.1  
227	65.1  
230	65    
234	64.9  
237	64.7  
240	64.6  
244	64.6  
247	64.6  
251	64.4  
255	64.2  
258	64.3  
262	64.1  
266	63.9  
270	63.9  
274	63.7  
278	63.7  
282	63.6  
286	63.4  
290	63.3  
294	63.1  
298	63    
303	63    
307	62.9  
312	62.6  
316	62.5  
321	62.3  
325	62.3  
330	62.2  
335	61.9  
340	61.8  
345	61.7  
350	61.5  
355	61.3  
360	61.2  
365	61    
371	60.9  
376	60.9  
382	60.6  
387	60.5  
393	60.3  
398	60.3  
404	60.1  
410	59.9  
416	59.6  
422	59.6  
428	59.4  
434	59.3  
441	59    
447	58.9  
454	58.7  
460	58.7  
467	58.4  
474	58.3  
481	58.2  
488	57.9  
495	57.8  
502	57.5  
509	57.4  
517	57.3  
524	57.3  
532	57    
540	56.8  
547	56.7  
555	56.5  
563	56.5  
572	56.2  
580	56.1  
588	56    
597	55.8  
606	55.7  
614	55.5  
623	55.5  
632	55.2  
642	55.1  
651	55    
660	54.9  
670	54.8  
680	54.6  
690	54.6  
700	54.5  
710	54.4  
720	54.4  
731	54.2  
741	54.1  
752	53.9  
763	53.9  
774	53.8  
785	53.7  
797	53.7  
808	53.5  
820	53.6  
832	53.4  
844	53.5  
856	53.3  
869	53.3  
882	53.3  
894	53.1  
907	53.2  
921	53.1  
934	52.9  
948	52.9  
961	53    
975	52.9  
990	53    
1004	52.9 
1019	52.9 
1033	53   
1048	52.9 
1064	52.8 
1079	53   
1095	53   
1111	52.9 
1127	53   
1143	53.2 
1160	53.1 
1177	53.2 
1194	53.4 
1211	53.4 
1229	53.4 
1247	53.7 
1265	53.6 
1283	53.8 
1302	54   
1321	54   
1340	54.3 
1360	54.4 
1379	54.5 
1399	54.7 
1420	54.9 
1440	55.1 
1461	55.5 
1483	55.7 
1504	55.9 
1526	56.3 
1548	56.5 
1571	56.9 
1594	57.2 
1617	57.5 
1640	57.8 
1664	58.1 
1688	58.5 
1713	58.9 
1738	59.3 
1763	59.8 
1789	60.2 
1815	60.6 
1841	61.1 
1868	61.6 
1895	62.1 
1923	62.6 
1951	63.2 
1979	63.7 
2008	64.1 
2037	64.7 
2067	65.2 
2097	65.9 
2127	66.2 
2158	66.8 
2190	67.3 
2221	67.8 
2254	68.5 
2287	68.9 
2320	69.3 
2354	69.9 
2388	70.3 
2423	70.8 
2458	71.2 
2494	71.5 
2530	71.8 
2567	72.2 
2604	72.5 
2642	72.7 
2680	72.9 
2719	73   
2759	73.2 
2799	73.3 
2840	73.3 
2881	73.3 
2923	73.2 
2965	73.1 
3008	72.8 
3052	72.5 
3097	72.4 
3142	72   
3187	71.5 
3234	71.1 
3281	70.6 
3328	70   
3377	69.7 
3426	68.9 
3476	68.3 
3526	67.7 
3578	67.1 
3630	66.3 
3682	65.5 
3736	64.9 
3790	64.2 
3846	63.7 
3901	63.2 
3958	62.7 
4016	62.6 
4074	62.5 
4133	62.5 
4194	62.5 
4255	62.4 
4316	62.5 
4379	62.5 
4443	62.4 
4508	62.2 
4573	61.8 
4640	61.1 
4707	60.4 
4776	59.6 
4845	58.6 
4916	57.7 
4987	57   
5060	56.4 
5133	55.7 
5208	55.4 
5284	55.1 
5360	55.1 
5438	55   
5518	55.1 
5598	55.3 
5679	55.5 
5762	55.7 
5846	55.9 
5931	56.3 
6017	56.5 
6104	56.9 
6193	57.4 
6283	57.9 
6375	58.4 
6467	59.1 
6561	59.6 
6657	60.4 
6754	61.5 
6852	62.4 
6952	63.3 
7053	64   
7155	64.7 
7259	64.9 
7365	65   
7472	65   
7581	65   
7691	65.3 
7803	65.6 
7916	66.1 
8032	66.4 
8148	66.7 
8267	66.9 
8387	67.4 
8509	67.7 
8633	68.1 
8758	68   
8886	67.6 
9015	66.8 
9146	65.8 
9279	64.4 
9414	62.8 
9551	61.4 
9690	60   
9831	58.7 
9974	57.5 
10119	56.1
10266	54.6
10416	52.9
10567	51.3
10721	49.6
10877	47.9
11035	46.5
11196	45.3
11358	44.4
11524	43.4
11691	42.6
11861	41.8
12034	41.2
12209	40.5
12386	40  
12567	39.9
12749	39.5
12935	39.3
13123	39.3
13314	39.3
13507	39.4
13704	39.5
13903	39.7
14105	39.9
14311	40.4
14519	40.9
14730	41.6
14944	42.3
15162	43.4
15382	44.6
15606	45.8
15833	47.1
16063	48.8
16297	50.4
16534	51.9
16774	53.5
17018	55.3
17266	56.7
17517	57.8
17772	58.8
18030	59.5
18293	59.8
18559	59.5
18829	59.1
19102	58.3
19380	56.9
20000	53.5
overall dB	0.0 dB
decay	Average
averaging	No Smoothing
source	Totally Made Up


saved	--/-/--, --:-- AM
peak	0.0Hz
