
Frequency	dB	Unweighted
19.5	55.6 
19.8	55.9 
20.1	56.3 
20.3	56.4 
20.6	56.5 
20.9	56.9 
21.2	57.1 
21.6	57.3 
21.9	57.5 
22.2	57.5 
22.5	57.6 
22.8	57.8 
23.2	58.1 
23.5	58.2 
23.8	58.3 
24.2	58.4 
24.5	58.6 
24.9	58.7 
25.3	58.8 
25.6	59   
26	59.1   
26.4	59.3 
26.8	59.4 
27.2	59.4 
27.5	59.6 
28	59.7   
28.4	59.8 
28.8	60   
29.2	60   
29.6	60.1 
30	60.2   
30.5	60.4 
30.9	60.4 
31.4	60.5 
31.8	60.8 
32.3	60.7 
32.8	60.8 
33.2	60.9 
33.7	61.1 
34.2	61.2 
34.7	61.3 
35.2	61.4 
35.7	61.4 
36.2	61.6 
36.8	61.7 
37.3	61.7 
37.9	61.9 
38.4	61.9 
39	62     
39.5	62   
40.1	62.2 
40.7	62.3 
41.3	62.3 
41.9	62.4 
42.5	62.5 
43.1	62.6 
43.7	62.7 
44.4	62.7 
45	62.8   
45.7	62.9 
46.3	62.9 
47	63     
47.7	63   
48.4	63.1 
49.1	63.3 
49.8	63.3 
50.5	63.4 
51.3	63.4 
52	63.4   
52.8	63.6 
53.5	63.7 
54.3	63.6 
55.1	63.8 
55.9	63.8 
56.7	63.8 
57.5	64   
58.4	64   
59.2	64   
60.1	64.1 
61	64.2   
61.8	64.3 
62.7	64.3 
63.7	64.4 
64.6	64.3 
65.5	64.6 
66.5	64.6 
67.4	64.6 
68.4	64.6 
69.4	64.8 
70.4	64.8 
71.5	64.7 
72.5	64.8 
73.5	64.9 
74.6	64.9 
75.7	65   
76.8	65.1 
77.9	65.1 
79.1	65.2 
80.2	65.1 
81.4	65.1 
82.6	65.2 
83.8	65.3 
85	65.3   
86.2	65.3 
87.5	65.3 
88.7	65.4 
90	65.3   
91.3	65.3 
92.7	65.4 
94	65.4   
95.4	65.4 
96.8	65.5 
98.2	65.4 
99.6	65.4 
101	65.4  
103	65.6  
104	65.5  
106	65.4  
107	65.4  
109	65.5  
110	65.5  
112	65.5  
113	65.5  
115	65.4  
117	65.5  
118	65.4  
120	65.4  
122	65.3  
124	65.4  
125	65.4  
127	65.3  
129	65.3  
131	65.3  
133	65.1  
135	65.1  
137	65.2  
139	65.1  
141	65.1  
143	65    
145	64.9  
147	65    
149	64.9  
151	64.9  
154	64.8  
156	64.8  
158	64.7  
160	64.6  
163	64.5  
165	64.5  
168	64.4  
170	64.4  
172	64.4  
175	64.4  
177	64.2  
180	64.2  
183	64.1  
185	64.1  
188	64.1  
191	63.9  
194	63.9  
196	63.8  
199	63.7  
202	63.6  
205	63.5  
208	63.4  
211	63.4  
214	63.1  
217	63.1  
220	63    
224	62.9  
227	62.7  
230	62.6  
234	62.6  
237	62.4  
240	62.4  
244	62.2  
247	62.2  
251	62    
255	61.8  
258	61.7  
262	61.6  
266	61.4  
270	61.4  
274	61.1  
278	61.1  
282	60.9  
286	60.6  
290	60.5  
294	60.3  
298	60.3  
303	60.1  
307	60    
312	59.7  
316	59.6  
321	59.4  
325	59.3  
330	59.1  
335	58.8  
340	58.7  
345	58.5  
350	58.3  
355	58.2  
360	58    
365	57.9  
371	57.5  
376	57.4  
382	57.3  
387	57.1  
393	56.8  
398	56.6  
404	56.6  
410	56.4  
416	56    
422	55.9  
428	55.7  
434	55.6  
441	55.4  
447	55.2  
454	55    
460	54.8  
467	54.7  
474	54.4  
481	54.3  
488	54.1  
495	53.9  
502	53.8  
509	53.6  
517	53.4  
524	53.3  
532	53.1  
540	52.9  
547	52.7  
555	52.7  
563	52.5  
572	52.3  
580	52.2  
588	52.2  
597	51.9  
606	51.9  
614	51.6  
623	51.6  
632	51.6  
642	51.5  
651	51.2  
660	51.2  
670	51.1  
680	50.9  
690	50.9  
700	50.8  
710	50.8  
720	50.7  
731	50.6  
741	50.6  
752	50.6  
763	50.4  
774	50.4  
785	50.4  
797	50.3  
808	50.3  
820	50.4  
832	50.3  
844	50.2  
856	50.3  
869	50.3  
882	50.2  
894	50.3  
907	50.2  
921	50.4  
934	50.3  
948	50.4  
961	50.4  
975	50.5  
990	50.6  
1004	50.5 
1019	50.8 
1033	50.9 
1048	50.8 
1064	51   
1079	51.1 
1095	51.3 
1111	51.3 
1127	51.7 
1143	51.9 
1160	51.9 
1177	52.3 
1194	52.4 
1211	52.6 
1229	53   
1247	53.3 
1265	53.5 
1283	53.8 
1302	54.2 
1321	54.6 
1340	55   
1360	55.4 
1379	55.8 
1399	56.1 
1420	56.6 
1440	57.2 
1461	57.6 
1483	58.2 
1504	58.5 
1526	59.1 
1548	59.7 
1571	60.3 
1594	60.9 
1617	61.5 
1640	62.1 
1664	62.6 
1688	63.2 
1713	64   
1738	64.5 
1763	65.2 
1789	65.8 
1815	66.5 
1841	67.1 
1868	67.6 
1895	68.2 
1923	68.9 
1951	69.3 
1979	69.8 
2008	70.3 
2037	70.7 
2067	71.2 
2097	71.6 
2127	71.8 
2158	72.1 
2190	72.3 
2221	72.5 
2254	72.5 
2287	72.7 
2320	72.6 
2354	72.6 
2388	72.4 
2423	72.1 
2458	71.8 
2494	71.6 
2530	71.1 
2567	70.7 
2604	70.2 
2642	69.6 
2680	69.1 
2719	68.3 
2759	67.6 
2799	66.8 
2840	66   
2881	65.3 
2923	64.3 
2965	63.6 
3008	62.7 
3052	61.8 
3097	61   
3142	60.2 
3187	59.5 
3234	58.8 
3281	58.5 
3328	58.1 
3377	57.8 
3426	57.8 
3476	57.9 
3526	58   
3578	58.1 
3630	58.4 
3682	58.6 
3736	58.7 
3790	58.7 
3846	58.4 
3901	58.2 
3958	57.6 
4016	56.8 
4074	55.9 
4133	55.2 
4194	54.2 
4255	53.6 
4316	53   
4379	52.5 
4443	52.3 
4508	52.1 
4573	52.2 
4640	52.5 
4707	52.8 
4776	53.2 
4845	53.7 
4916	54.6 
4987	55.2 
5060	56   
5133	56.9 
5208	57.9 
5284	58.9 
5360	60.2 
5438	61.7 
5518	63.4 
5598	65.3 
5679	67.4 
5762	69.7 
5846	71.8 
5931	73.7 
6017	75.2 
6104	76.2 
6193	77   
6283	77.3 
6375	77.5 
6467	77.3 
6561	77.1 
6657	76.8 
6754	76.5 
6852	76.4 
6952	76   
7053	75.7 
7155	75.2 
7259	74.3 
7365	73   
7472	71.1 
7581	69.3 
7691	67.2 
7803	64.8 
7916	62.3 
8032	59.7 
8148	57.6 
8267	55.6 
8387	54.1 
8509	52.6 
8633	50.9 
8758	49.3 
8886	47.9 
9015	46.8 
9146	45.6 
9279	44.7 
9414	43.8 
9551	43.1 
9690	42.6 
9831	42.3 
9974	41.9 
10119	41.9
10266	41.9
10416	42.1
10567	42.3
10721	42.8
10877	43.5
11035	44.1
11196	44.6
11358	43.1
11524	42.7
11691	49  
11861	52.7
12034	55.5
12209	57.7
12386	59.3
12567	60.6
12749	62  
12935	62.6
13123	63  
13314	62.7
13507	61.9
13704	60.7
13903	59.3
14105	57.6
14311	55.3
14519	53  
14730	50.9
14944	48.7
15162	46.7
15382	45.1
15606	43.6
15833	42.3
16063	41.4
16297	40.7
16534	40.4
16774	40  
17018	40  
17266	40  
17517	40.3
17772	40.7
18030	41.4
18293	42.3
18559	43.6
18829	45.3
19102	47.4
19380	49.7
20000	55.4
overall dB	0.0 dB
decay	Average
averaging	No Smoothing
source	Totally Made Up


saved	--/-/--, --:-- AM
peak	0.0Hz
