
Frequency	dB	Unweighted
19.5	64.5 
19.8	64.4 
20.1	64.4 
20.3	64.8 
20.6	64.8 
20.9	64.8 
21.2	64.7 
21.6	64.6 
21.9	64.8 
22.2	65   
22.5	65.2 
22.8	64.8 
23.2	65.3 
23.5	65   
23.8	65.2 
24.2	65.4 
24.5	65.3 
24.9	65.2 
25.3	65.5 
25.6	65.2 
26	65.4   
26.4	65.6 
26.8	65.7 
27.2	65.5 
27.5	65.5 
28	65.8   
28.4	65.6 
28.8	66   
29.2	65.6 
29.6	65.9 
30	65.6   
30.5	66   
30.9	66.1 
31.4	66.3 
31.8	65.8 
32.3	66.2 
32.8	66.1 
33.2	66.1 
33.7	66.2 
34.2	66.1 
34.7	66.4 
35.2	66.3 
35.7	66.3 
36.2	66.6 
36.8	66.5 
37.3	66.8 
37.9	66.6 
38.4	66.8 
39	66.8   
39.5	66.4 
40.1	67   
40.7	66.6 
41.3	66.9 
41.9	66.8 
42.5	66.9 
43.1	66.9 
43.7	67.2 
44.4	66.7 
45	67.1   
45.7	67   
46.3	67.2 
47	66.9   
47.7	67   
48.4	67.5 
49.1	67.5 
49.8	67.2 
50.5	67.4 
51.3	67.6 
52	67.6   
52.8	67.2 
53.5	67.3 
54.3	67.3 
55.1	67.7 
55.9	67.6 
56.7	67.3 
57.5	67.6 
58.4	67.6 
59.2	67.9 
60.1	67.9 
61	67.9   
61.8	67.5 
62.7	67.6 
63.7	67.5 
64.6	68   
65.5	68   
66.5	67.9 
67.4	68.2 
68.4	68.1 
69.4	67.7 
70.4	67.7 
71.5	68.3 
72.5	68.2 
73.5	68.1 
74.6	67.9 
75.7	68.4 
76.8	68.3 
77.9	67.9 
79.1	68.3 
80.2	68   
81.4	68.5 
82.6	68   
83.8	68   
85	68.4   
86.2	68.4 
87.5	67.9 
88.7	68   
90	68.5   
91.3	68.2 
92.7	68.4 
94	68.3   
95.4	68.3 
96.8	68.4 
98.2	68   
99.6	68   
101	68.2  
103	68.1  
104	68.2  
106	68.2  
107	67.9  
109	68.4  
110	68.4  
112	68.3  
113	68    
115	68    
117	68    
118	68    
120	68.1  
122	67.9  
124	68    
125	68.2  
127	67.9  
129	67.9  
131	67.6  
133	68    
135	67.5  
137	67.9  
139	67.9  
141	67.4  
143	67.9  
145	67.3  
147	67.7  
149	67.5  
151	67.5  
154	67.5  
156	67.5  
158	67.5  
160	67.2  
163	67.6  
165	67.2  
168	67.6  
170	67.5  
172	67.4  
175	67.1  
177	67.3  
180	67.1  
183	67.3  
185	67.1  
188	67.1  
191	66.9  
194	66.9  
196	67.2  
199	67    
202	67    
205	66.6  
208	66.9  
211	66.6  
214	66.7  
217	66.4  
220	66.4  
224	66.1  
227	66.4  
230	66.2  
234	65.9  
237	66.3  
240	65.9  
244	66.1  
247	65.9  
251	65.5  
255	65.7  
258	65.3  
262	65.5  
266	65.5  
270	65.4  
274	65.4  
278	65.3  
282	65.1  
286	64.9  
290	64.8  
294	64.7  
298	64.7  
303	64.8  
307	64.2  
312	64.4  
316	64    
321	64.1  
325	64.2  
330	63.7  
335	63.4  
340	63.3  
345	63.3  
350	63.3  
355	62.8  
360	63.2  
365	63    
371	62.8  
376	62.6  
382	62.3  
387	62    
393	62    
398	61.7  
404	61.4  
410	61.6  
416	61.5  
422	61.2  
428	61.1  
434	60.6  
441	60.9  
447	60.6  
454	60.3  
460	60.2  
467	60    
474	59.7  
481	59.3  
488	59.4  
495	59.3  
502	58.6  
509	59    
517	58.5  
524	58.6  
532	58.4  
540	58.1  
547	57.6  
555	57.9  
563	57.5  
572	57.4  
580	57.4  
588	57.1  
597	57.1  
606	56.4  
614	56.3  
623	56.5  
632	56.4  
642	56.2  
651	56.1  
660	55.6  
670	55.3  
680	55.6  
690	55.4  
700	55.1  
710	54.9  
720	54.9  
731	54.8  
741	54.7  
752	54.6  
763	54.9  
774	54.3  
785	54.3  
797	54.6  
808	54.4  
820	54.4  
832	54.2  
844	54.1  
856	54.3  
869	54.2  
882	54.3  
894	54.4  
907	54.4  
921	54.4  
934	54.8  
948	54.6  
961	54.6  
975	54.8  
990	55    
1004	54.9 
1019	55   
1033	55.1 
1048	55.7 
1064	55.6 
1079	56.1 
1095	56.2 
1111	56.6 
1127	56.8 
1143	57.1 
1160	57.1 
1177	57.5 
1194	58   
1211	58.2 
1229	58.9 
1247	59.2 
1265	59.4 
1283	60.1 
1302	60   
1321	60.5 
1340	61.2 
1360	61.8 
1379	61.7 
1399	62.5 
1420	62.9 
1440	63.5 
1461	63.8 
1483	64.2 
1504	65.2 
1526	65.3 
1548	66.2 
1571	66.6 
1594	67.1 
1617	67.8 
1640	68.3 
1664	68.4 
1688	68.8 
1713	69.4 
1738	70.4 
1763	70.8 
1789	71.2 
1815	71.9 
1841	72.2 
1868	72.3 
1895	72.7 
1923	73.5 
1951	74   
1979	73.9 
2008	74.4 
2037	75.2 
2067	75.5 
2097	75.7 
2127	76   
2158	75.8 
2190	76.1 
2221	76.5 
2254	76.3 
2287	76.3 
2320	76.3 
2354	76.8 
2388	76.3 
2423	76.5 
2458	76.4 
2494	76.4 
2530	76   
2567	75.6 
2604	75.7 
2642	75.2 
2680	75   
2719	74.4 
2759	74   
2799	73.7 
2840	73.3 
2881	72.7 
2923	72.2 
2965	71.5 
3008	70.8 
3052	70.1 
3097	69.3 
3142	68.7 
3187	67.9 
3234	67.1 
3281	66.4 
3328	65.8 
3377	64.7 
3426	64.1 
3476	63.4 
3526	62.4 
3578	61.5 
3630	60.7 
3682	60.1 
3736	59.6 
3790	58.6 
3846	58.5 
3901	58   
3958	57.1 
4016	56.6 
4074	56.4 
4133	56.1 
4194	55.4 
4255	55.7 
4316	55.7 
4379	55.3 
4443	55.2 
4508	55.7 
4573	55.8 
4640	55.7 
4707	56.2 
4776	56.5 
4845	57   
4916	58.2 
4987	58.7 
5060	59.1 
5133	60.2 
5208	61.4 
5284	62.2 
5360	63   
5438	64.2 
5518	65.6 
5598	66.9 
5679	68.1 
5762	69.1 
5846	70   
5931	71.4 
6017	72.9 
6104	73.7 
6193	75.3 
6283	76.5 
6375	77.5 
6467	78.1 
6561	79   
6657	79.4 
6754	79.6 
6852	80   
6952	80.4 
7053	80.1 
7155	79.8 
7259	79.3 
7365	78.3 
7472	77.9 
7581	76.6 
7691	75.7 
7803	74.1 
7916	72.5 
8032	70.6 
8148	69   
8267	67.6 
8387	65.2 
8509	63.3 
8633	61   
8758	59.2 
8886	56.8 
9015	54.7 
9146	52.9 
9279	50.5 
9414	48.7 
9551	47.2 
9690	45.3 
9831	43.8 
9974	42.2 
10119	41  
10266	40  
10416	39.6
10567	39.1
10721	38.9
10877	38.8
11035	39.2
11196	39.7
11358	40.5
11524	41.4
11691	42.6
11861	43.8
12034	45.3
12209	47.1
12386	48.8
12567	50.1
12749	51.9
12935	53.2
13123	54.9
13314	56.3
13507	57.7
13704	58.6
13903	59.2
14105	60.3
14311	60.2
14519	60.8
14730	60.6
14944	60.2
15162	59.3
15382	58.6
15606	57.1
15833	55.6
16063	54.5
16297	52.5
16534	50.8
16774	49  
17018	47.3
17266	45.3
17517	43.7
17772	41.9
18030	40.5
18293	39.8
18559	38.8
18829	38.4
19102	38.1
19380	38.9
20000	40.1
overall dB	0.0 dB
decay	Average
averaging	No Smoothing
source	Totally Made Up


saved	--/-/--, --:-- AM
peak	0.0Hz
