
Frequency	dB	Unweighted
19.5	56.1 
19.8	56.4 
20.1	56.6 
20.3	56.6 
20.6	56.8 
20.9	57.1 
21.2	57.3 
21.6	57.3 
21.9	57.5 
22.2	57.6 
22.5	57.8 
22.8	57.8 
23.2	58   
23.5	58.1 
23.8	58.2 
24.2	58.4 
24.5	58.5 
24.9	58.5 
25.3	58.7 
25.6	58.7 
26	58.9   
26.4	58.9 
26.8	59   
27.2	59.1 
27.5	59.2 
28	59.3   
28.4	59.4 
28.8	59.5 
29.2	59.5 
29.6	59.7 
30	59.8   
30.5	59.8 
30.9	59.8 
31.4	60   
31.8	60.1 
32.3	60.1 
32.8	60.3 
33.2	60.2 
33.7	60.4 
34.2	60.5 
34.7	60.4 
35.2	60.6 
35.7	60.6 
36.2	60.8 
36.8	60.8 
37.3	60.9 
37.9	60.9 
38.4	60.9 
39	61     
39.5	61.1 
40.1	61.2 
40.7	61.3 
41.3	61.4 
41.9	61.4 
42.5	61.5 
43.1	61.5 
43.7	61.7 
44.4	61.6 
45	61.7   
45.7	61.7 
46.3	61.8 
47	62     
47.7	61.9 
48.4	62   
49.1	62.2 
49.8	62.2 
50.5	62.3 
51.3	62.3 
52	62.3   
52.8	62.4 
53.5	62.3 
54.3	62.6 
55.1	62.5 
55.9	62.5 
56.7	62.6 
57.5	62.6 
58.4	62.8 
59.2	62.7 
60.1	62.7 
61	62.9   
61.8	62.9 
62.7	63   
63.7	62.9 
64.6	63   
65.5	63   
66.5	63.1 
67.4	63.2 
68.4	63.1 
69.4	63.2 
70.4	63.4 
71.5	63.4 
72.5	63.4 
73.5	63.4 
74.6	63.5 
75.7	63.6 
76.8	63.6 
77.9	63.5 
79.1	63.6 
80.2	63.7 
81.4	63.7 
82.6	63.8 
83.8	63.7 
85	63.9   
86.2	63.8 
87.5	63.7 
88.7	63.9 
90	63.8   
91.3	63.9 
92.7	63.9 
94	64     
95.4	64   
96.8	63.9 
98.2	63.9 
99.6	64   
101	64.1  
103	63.9  
104	64    
106	64.1  
107	64    
109	64    
110	64.1  
112	64.1  
113	64    
115	64.1  
117	64.1  
118	64.2  
120	64.2  
122	64.1  
124	64    
125	64.1  
127	64.1  
129	64    
131	63.9  
133	64    
135	64    
137	64.1  
139	64    
141	64    
143	63.8  
145	63.9  
147	63.9  
149	63.9  
151	63.8  
154	63.9  
156	63.8  
158	63.8  
160	63.9  
163	63.9  
165	63.9  
168	63.9  
170	63.8  
172	63.8  
175	63.8  
177	63.7  
180	63.7  
183	63.7  
185	63.6  
188	63.7  
191	63.6  
194	63.6  
196	63.6  
199	63.6  
202	63.5  
205	63.4  
208	63.4  
211	63.4  
214	63.3  
217	63.3  
220	63.2  
224	63.3  
227	63.1  
230	63.1  
234	63.1  
237	63    
240	63.1  
244	62.8  
247	62.8  
251	62.7  
255	62.6  
258	62.8  
262	62.7  
266	62.6  
270	62.4  
274	62.3  
278	62.3  
282	62.2  
286	62.1  
290	62.1  
294	62.1  
298	62    
303	61.8  
307	61.7  
312	61.6  
316	61.5  
321	61.4  
325	61.4  
330	61.2  
335	61.2  
340	61    
345	60.8  
350	60.8  
355	60.7  
360	60.5  
365	60.4  
371	60.4  
376	60.2  
382	60    
387	60.1  
393	59.7  
398	59.7  
404	59.6  
410	59.5  
416	59.3  
422	59.3  
428	59.1  
434	58.9  
441	58.7  
447	58.6  
454	58.6  
460	58.4  
467	58.2  
474	58.1  
481	58    
488	57.9  
495	57.6  
502	57.7  
509	57.6  
517	57.3  
524	57.2  
532	57.2  
540	57    
547	56.8  
555	56.6  
563	56.5  
572	56.5  
580	56.2  
588	56.1  
597	56    
606	55.8  
614	55.8  
623	55.8  
632	55.6  
642	55.5  
651	55.3  
660	55.2  
670	55.1  
680	55    
690	55    
700	54.9  
710	54.7  
720	54.7  
731	54.6  
741	54.6  
752	54.4  
763	54.2  
774	54.2  
785	54.1  
797	54    
808	54    
820	53.9  
832	54    
844	53.7  
856	53.8  
869	53.7  
882	53.6  
894	53.7  
907	53.5  
921	53.4  
934	53.4  
948	53.4  
961	53.3  
975	53.3  
990	53.3  
1004	53.3 
1019	53.2 
1033	53.4 
1048	53.2 
1064	53.4 
1079	53.4 
1095	53.3 
1111	53.3 
1127	53.4 
1143	53.4 
1160	53.5 
1177	53.6 
1194	53.7 
1211	53.7 
1229	53.8 
1247	53.9 
1265	53.9 
1283	54.1 
1302	54.2 
1321	54.3 
1340	54.4 
1360	54.7 
1379	54.8 
1399	54.9 
1420	55.2 
1440	55.3 
1461	55.5 
1483	55.8 
1504	56.1 
1526	56.2 
1548	56.6 
1571	56.9 
1594	57.1 
1617	57.4 
1640	57.7 
1664	58.2 
1688	58.4 
1713	58.9 
1738	59.3 
1763	59.5 
1789	60   
1815	60.5 
1841	60.8 
1868	61.3 
1895	61.9 
1923	62.2 
1951	62.8 
1979	63.3 
2008	63.8 
2037	64.1 
2067	64.6 
2097	65.1 
2127	65.7 
2158	66.1 
2190	66.6 
2221	67.2 
2254	67.6 
2287	68   
2320	68.6 
2354	68.8 
2388	69.3 
2423	69.6 
2458	70   
2494	70.4 
2530	70.5 
2567	70.8 
2604	71   
2642	71.2 
2680	71.5 
2719	71.4 
2759	71.6 
2799	71.5 
2840	71.4 
2881	71.4 
2923	71.2 
2965	71   
3008	70.8 
3052	70.5 
3097	70.1 
3142	69.7 
3187	69.4 
3234	68.9 
3281	68.4 
3328	67.8 
3377	67.3 
3426	66.7 
3476	66.3 
3526	65.8 
3578	65.4 
3630	65.3 
3682	65.1 
3736	65   
3790	65.1 
3846	65.1 
3901	65.4 
3958	65.5 
4016	65.5 
4074	65.3 
4133	65.3 
4194	64.8 
4255	64.3 
4316	63.5 
4379	62.5 
4443	61.4 
4508	60.3 
4573	59.3 
4640	58.2 
4707	57.4 
4776	56.7 
4845	56.4 
4916	56   
4987	55.9 
5060	55.7 
5133	55.8 
5208	55.9 
5284	56   
5360	56.2 
5438	56.4 
5518	56.8 
5598	57.1 
5679	57.4 
5762	57.8 
5846	58.2 
5931	58.7 
6017	59.6 
6104	60.5 
6193	61.6 
6283	62.6 
6375	63.8 
6467	64.9 
6561	65.6 
6657	66.2 
6754	66.4 
6852	66.5 
6952	66.4 
7053	66.5 
7155	66.5 
7259	66.6 
7365	66.9 
7472	67   
7581	67.5 
7691	67.8 
7803	68.3 
7916	68.5 
8032	68.6 
8148	68.3 
8267	67.7 
8387	66.7 
8509	65.3 
8633	63.5 
8758	61.8 
8886	60   
9015	58.6 
9146	57.3 
9279	55.8 
9414	54   
9551	52.1 
9690	50.1 
9831	48.2 
9974	45.9 
10119	43.8
10266	42.1
10416	40.5
10567	39.1
10721	37.8
10877	36.7
11035	35.8
11196	35.2
11358	34.7
11524	34.1
11691	33.8
11861	33.4
12034	33.4
12209	33.4
12386	33.3
12567	33.4
12749	33.4
12935	33.6
13123	34  
13314	34.5
13507	34.9
13704	35.3
13903	36.2
14105	37.4
14311	38.4
14519	39.4
14730	40.9
14944	42.2
15162	43.2
15382	42.8
15606	38.3
15833	46.5
16063	49  
16297	50.5
16534	51.2
16774	51.7
17018	51.8
17266	51.3
17517	50.8
17772	49.6
18030	48.1
18293	46.7
18559	44.9
18829	43.3
19102	41.4
19380	39.8
20000	36.8
overall dB	0.0 dB
decay	Average
averaging	No Smoothing
source	Totally Made Up


saved	--/-/--, --:-- AM
peak	0.0Hz
