
Frequency	dB	Unweighted
19.5	47.2 
19.8	47.2 
20.1	47.3 
20.3	47.5 
20.6	47.6 
20.9	47.7 
21.2	47.8 
21.6	47.8 
21.9	48   
22.2	48.1 
22.5	48.1 
22.8	48.3 
23.2	48.3 
23.5	48.5 
23.8	48.5 
24.2	48.7 
24.5	48.7 
24.9	48.9 
25.3	49.1 
25.6	49.2 
26	49.3   
26.4	49.3 
26.8	49.5 
27.2	49.5 
27.5	49.8 
28	49.9   
28.4	50   
28.8	50   
29.2	50.2 
29.6	50.3 
30	50.4   
30.5	50.6 
30.9	50.7 
31.4	50.8 
31.8	50.8 
32.3	50.9 
32.8	51.1 
33.2	51.2 
33.7	51.4 
34.2	51.5 
34.7	51.6 
35.2	51.7 
35.7	51.8 
36.2	51.9 
36.8	52.1 
37.3	52.1 
37.9	52.3 
38.4	52.3 
39	52.4   
39.5	52.7 
40.1	52.7 
40.7	52.8 
41.3	52.9 
41.9	53   
42.5	53.2 
43.1	53.1 
43.7	53.3 
44.4	53.4 
45	53.5   
45.7	53.5 
46.3	53.7 
47	53.7   
47.7	53.8 
48.4	53.9 
49.1	54   
49.8	54.2 
50.5	54.3 
51.3	54.2 
52	54.2   
52.8	54.4 
53.5	54.4 
54.3	54.5 
55.1	54.6 
55.9	54.6 
56.7	54.6 
57.5	54.8 
58.4	54.8 
59.2	54.9 
60.1	55   
61	54.9   
61.8	54.9 
62.7	55   
63.7	55.1 
64.6	55.1 
65.5	55.2 
66.5	55.1 
67.4	55   
68.4	55.1 
69.4	55.2 
70.4	55.1 
71.5	55.2 
72.5	55.1 
73.5	55.1 
74.6	55.1 
75.7	55.1 
76.8	55.1 
77.9	55.1 
79.1	55.1 
80.2	55.1 
81.4	55.1 
82.6	55.1 
83.8	55   
85	55.2   
86.2	55.1 
87.5	55.1 
88.7	55   
90	55     
91.3	55   
92.7	55   
94	55     
95.4	54.9 
96.8	55   
98.2	55   
99.6	54.8 
101	55    
103	54.8  
104	54.8  
106	54.8  
107	54.8  
109	54.8  
110	54.8  
112	54.8  
113	54.8  
115	54.7  
117	54.8  
118	54.7  
120	54.8  
122	54.7  
124	54.6  
125	54.7  
127	54.6  
129	54.6  
131	54.6  
133	54.6  
135	54.6  
137	54.5  
139	54.5  
141	54.4  
143	54.4  
145	54.5  
147	54.4  
149	54.5  
151	54.4  
154	54.3  
156	54.4  
158	54.3  
160	54.2  
163	54.2  
165	54.1  
168	54.3  
170	54.2  
172	54.2  
175	54.1  
177	54.1  
180	54.1  
183	54    
185	53.9  
188	54    
191	53.9  
194	53.9  
196	54    
199	53.9  
202	53.9  
205	53.9  
208	53.7  
211	53.7  
214	53.9  
217	53.7  
220	53.7  
224	53.7  
227	53.6  
230	53.6  
234	53.7  
237	53.5  
240	53.6  
244	53.6  
247	53.5  
251	53.4  
255	53.3  
258	53.5  
262	53.3  
266	53.5  
270	53.4  
274	53.2  
278	53.4  
282	53.2  
286	53.2  
290	53.2  
294	53.3  
298	53.2  
303	53.1  
307	53.1  
312	53.1  
316	53    
321	53    
325	53    
330	53    
335	53    
340	52.8  
345	53    
350	52.9  
355	52.9  
360	52.8  
365	52.8  
371	52.8  
376	52.9  
382	52.7  
387	52.7  
393	52.7  
398	52.7  
404	52.8  
410	52.6  
416	52.7  
422	52.5  
428	52.5  
434	52.5  
441	52.6  
447	52.5  
454	52.6  
460	52.4  
467	52.4  
474	52.5  
481	52.5  
488	52.5  
495	52.4  
502	52.4  
509	52.4  
517	52.4  
524	52.3  
532	52.3  
540	52.4  
547	52.3  
555	52.4  
563	52.4  
572	52.3  
580	52.3  
588	52.3  
597	52.3  
606	52.2  
614	52.3  
623	52.3  
632	52.2  
642	52.2  
651	52.2  
660	52.2  
670	52.3  
680	52.2  
690	52.1  
700	52.2  
710	52.3  
720	52.1  
731	52.3  
741	52.2  
752	52.2  
763	52.1  
774	52.1  
785	52.1  
797	52.1  
808	52.1  
820	52.2  
832	52.3  
844	52.2  
856	52.1  
869	52.3  
882	52.2  
894	52.3  
907	52.3  
921	52.3  
934	52.3  
948	52.4  
961	52.3  
975	52.4  
990	52.4  
1004	52.4 
1019	52.5 
1033	52.5 
1048	52.5 
1064	52.5 
1079	52.4 
1095	52.5 
1111	52.6 
1127	52.6 
1143	52.7 
1160	52.7 
1177	52.7 
1194	52.6 
1211	52.8 
1229	52.9 
1247	52.9 
1265	52.7 
1283	52.8 
1302	52.9 
1321	53   
1340	53   
1360	52.9 
1379	53.1 
1399	53.1 
1420	53.2 
1440	53.2 
1461	53.1 
1483	53.3 
1504	53.3 
1526	53.3 
1548	53.3 
1571	53.4 
1594	53.5 
1617	53.5 
1640	53.6 
1664	53.7 
1688	53.7 
1713	53.7 
1738	53.8 
1763	54   
1789	54   
1815	54   
1841	54   
1868	54.2 
1895	54.2 
1923	54.4 
1951	54.3 
1979	54.5 
2008	54.6 
2037	54.7 
2067	54.8 
2097	54.7 
2127	55   
2158	55   
2190	55.2 
2221	55.2 
2254	55.4 
2287	55.5 
2320	55.6 
2354	55.7 
2388	55.8 
2423	55.9 
2458	56.1 
2494	56.2 
2530	56.3 
2567	56.5 
2604	56.8 
2642	56.9 
2680	57.1 
2719	57.2 
2759	57.5 
2799	57.6 
2840	57.9 
2881	58   
2923	58.3 
2965	58.4 
3008	58.7 
3052	58.9 
3097	59.3 
3142	59.4 
3187	59.8 
3234	60.1 
3281	60.3 
3328	60.6 
3377	61   
3426	61.3 
3476	61.6 
3526	61.9 
3578	62.3 
3630	62.6 
3682	62.7 
3736	63.1 
3790	63.2 
3846	63.5 
3901	63.6 
3958	63.7 
4016	63.7 
4074	63.8 
4133	63.8 
4194	63.8 
4255	63.6 
4316	63.5 
4379	63.1 
4443	63   
4508	62.5 
4573	62.4 
4640	61.8 
4707	61.4 
4776	60.8 
4845	60.2 
4916	59.5 
4987	58.6 
5060	57.5 
5133	56.4 
5208	55.2 
5284	53.9 
5360	52.8 
5438	51.8 
5518	50.9 
5598	50.3 
5679	50.2 
5762	50.5 
5846	50.9 
5931	51.3 
6017	51.9 
6104	52.3 
6193	52.4 
6283	52.2 
6375	52   
6467	51.6 
6561	51.1 
6657	50.8 
6754	50.5 
6852	50.5 
6952	50.5 
7053	50.7 
7155	51.2 
7259	51.3 
7365	51.6 
7472	51.9 
7581	51.8 
7691	51.7 
7803	51.7 
7916	51.5 
8032	51.2 
8148	50.9 
8267	50.3 
8387	49.5 
8509	48.7 
8633	47.9 
8758	47.3 
8886	47.4 
9015	47.7 
9146	48   
9279	48.4 
9414	48.3 
9551	48.2 
9690	48   
9831	47.9 
9974	47.4 
10119	47.1
10266	46.5
10416	46.1
10567	45.6
10721	45.1
10877	44.8
11035	44.5
11196	45  
11358	45.9
11524	46.4
11691	46.6
11861	46.5
12034	46.5
12209	46.4
12386	46.3
12567	46.2
12749	45.8
12935	45.1
13123	45  
13314	45.2
13507	45.4
13704	45.3
13903	45.6
14105	45.9
14311	45.8
14519	45.3
14730	44.9
14944	45.5
15162	45.9
15382	45.8
15606	45.6
15833	45.2
16063	44.7
16297	44.6
16534	45.4
16774	45.6
17018	45.6
17266	45.7
17517	45.1
17772	44.9
18030	45.2
18293	45  
18559	45.2
18829	45  
19102	45.1
19380	45.4
20000	44.8
overall dB	0.0 dB
decay	Average
averaging	No Smoothing
source	Totally Made Up


saved	--/-/--, --:-- AM
peak	0.0Hz
