
Frequency	dB	Unweighted
19.5	47.4 
19.8	47.6 
20.1	47.8 
20.3	47.7 
20.6	47.9 
20.9	48   
21.2	48.2 
21.6	48.4 
21.9	48.4 
22.2	48.5 
22.5	48.7 
22.8	48.9 
23.2	49.1 
23.5	49.2 
23.8	49.4 
24.2	49.6 
24.5	49.6 
24.9	49.8 
25.3	49.9 
25.6	50.1 
26	50.2   
26.4	50.3 
26.8	50.5 
27.2	50.8 
27.5	50.9 
28	50.9   
28.4	51.1 
28.8	51.2 
29.2	51.5 
29.6	51.5 
30	51.9   
30.5	52   
30.9	52.2 
31.4	52.3 
31.8	52.4 
32.3	52.5 
32.8	52.7 
33.2	52.9 
33.7	53.1 
34.2	53.2 
34.7	53.4 
35.2	53.6 
35.7	53.7 
36.2	53.9 
36.8	54   
37.3	54.2 
37.9	54.4 
38.4	54.4 
39	54.5   
39.5	54.8 
40.1	54.9 
40.7	55.1 
41.3	55.2 
41.9	55.3 
42.5	55.4 
43.1	55.5 
43.7	55.6 
44.4	55.9 
45	56     
45.7	56   
46.3	56.1 
47	56.2   
47.7	56.4 
48.4	56.5 
49.1	56.6 
49.8	56.7 
50.5	56.7 
51.3	56.9 
52	57     
52.8	57.2 
53.5	57.1 
54.3	57.3 
55.1	57.4 
55.9	57.4 
56.7	57.6 
57.5	57.7 
58.4	57.7 
59.2	57.8 
60.1	57.9 
61	57.9   
61.8	57.9 
62.7	58   
63.7	58   
64.6	58.1 
65.5	58.1 
66.5	58.1 
67.4	58.2 
68.4	58.1 
69.4	58.2 
70.4	58.1 
71.5	58.2 
72.5	58.2 
73.5	58.2 
74.6	58.3 
75.7	58.2 
76.8	58.2 
77.9	58.1 
79.1	58.1 
80.2	58.2 
81.4	58.1 
82.6	58   
83.8	58.1 
85	58.2   
86.2	58   
87.5	58.1 
88.7	58.1 
90	58.2   
91.3	58   
92.7	58   
94	58.1   
95.4	58.1 
96.8	58   
98.2	58   
99.6	58   
101	58.1  
103	57.9  
104	58    
106	57.9  
107	57.9  
109	58    
110	57.9  
112	57.9  
113	57.8  
115	57.9  
117	57.9  
118	58    
120	57.9  
122	57.9  
124	57.8  
125	57.8  
127	57.8  
129	57.7  
131	57.8  
133	57.8  
135	57.8  
137	57.8  
139	57.8  
141	57.7  
143	57.6  
145	57.6  
147	57.7  
149	57.7  
151	57.7  
154	57.6  
156	57.6  
158	57.5  
160	57.7  
163	57.5  
165	57.6  
168	57.6  
170	57.6  
172	57.5  
175	57.5  
177	57.4  
180	57.5  
183	57.3  
185	57.4  
188	57.4  
191	57.4  
194	57.4  
196	57.2  
199	57.3  
202	57.3  
205	57.2  
208	57.3  
211	57.2  
214	57.2  
217	57.2  
220	57.2  
224	57.1  
227	57.2  
230	57.2  
234	57    
237	57    
240	57    
244	57    
247	57    
251	57.1  
255	56.9  
258	56.9  
262	57    
266	57    
270	57    
274	56.8  
278	57    
282	56.9  
286	56.9  
290	56.8  
294	56.8  
298	56.8  
303	56.8  
307	56.8  
312	56.9  
316	56.8  
321	56.8  
325	56.7  
330	56.8  
335	56.6  
340	56.7  
345	56.7  
350	56.8  
355	56.7  
360	56.7  
365	56.7  
371	56.6  
376	56.6  
382	56.6  
387	56.7  
393	56.5  
398	56.5  
404	56.6  
410	56.5  
416	56.5  
422	56.4  
428	56.4  
434	56.4  
441	56.4  
447	56.4  
454	56.5  
460	56.4  
467	56.4  
474	56.5  
481	56.5  
488	56.3  
495	56.4  
502	56.3  
509	56.5  
517	56.4  
524	56.3  
532	56.4  
540	56.4  
547	56.4  
555	56.5  
563	56.5  
572	56.5  
580	56.5  
588	56.3  
597	56.4  
606	56.3  
614	56.3  
623	56.4  
632	56.4  
642	56.4  
651	56.3  
660	56.4  
670	56.5  
680	56.4  
690	56.5  
700	56.4  
710	56.5  
720	56.4  
731	56.5  
741	56.5  
752	56.5  
763	56.5  
774	56.5  
785	56.6  
797	56.5  
808	56.5  
820	56.6  
832	56.6  
844	56.7  
856	56.6  
869	56.7  
882	56.8  
894	56.8  
907	56.8  
921	56.9  
934	57    
948	56.8  
961	57    
975	56.9  
990	56.9  
1004	57   
1019	57.1 
1033	57.1 
1048	57.1 
1064	57.2 
1079	57.2 
1095	57.2 
1111	57.3 
1127	57.5 
1143	57.4 
1160	57.4 
1177	57.6 
1194	57.7 
1211	57.8 
1229	57.8 
1247	57.7 
1265	57.9 
1283	58   
1302	57.9 
1321	58   
1340	58.1 
1360	58.1 
1379	58.3 
1399	58.4 
1420	58.5 
1440	58.5 
1461	58.6 
1483	58.8 
1504	58.7 
1526	59   
1548	59.1 
1571	59.1 
1594	59.2 
1617	59.5 
1640	59.6 
1664	59.7 
1688	59.9 
1713	59.8 
1738	60.1 
1763	60.1 
1789	60.3 
1815	60.5 
1841	60.7 
1868	60.8 
1895	61.1 
1923	61.3 
1951	61.5 
1979	61.7 
2008	61.9 
2037	62.2 
2067	62.5 
2097	62.6 
2127	63   
2158	63.3 
2190	63.4 
2221	63.9 
2254	64.2 
2287	64.5 
2320	64.7 
2354	65.1 
2388	65.4 
2423	65.8 
2458	66.1 
2494	66.4 
2530	66.6 
2567	66.9 
2604	67.2 
2642	67.5 
2680	67.5 
2719	67.8 
2759	67.9 
2799	67.9 
2840	67.8 
2881	67.8 
2923	67.6 
2965	67.3 
3008	67.2 
3052	66.9 
3097	66.7 
3142	66.4 
3187	66   
3234	65.8 
3281	65.4 
3328	65.1 
3377	64.8 
3426	64.6 
3476	64.4 
3526	64.1 
3578	64   
3630	63.7 
3682	63.4 
3736	63.3 
3790	63.1 
3846	63   
3901	62.9 
3958	62.7 
4016	62.7 
4074	62.8 
4133	62.7 
4194	62.6 
4255	62.3 
4316	62.2 
4379	61.8 
4443	61.3 
4508	60.9 
4573	60.1 
4640	59.6 
4707	59.2 
4776	58.7 
4845	58.3 
4916	58.1 
4987	57.7 
5060	57.5 
5133	57.4 
5208	57.2 
5284	57.1 
5360	57   
5438	57   
5518	57   
5598	56.8 
5679	56.7 
5762	56.8 
5846	56.8 
5931	56.8 
6017	56.6 
6104	56.5 
6193	56.3 
6283	56.1 
6375	56.1 
6467	55.9 
6561	56   
6657	55.9 
6754	55.9 
6852	55.9 
6952	56   
7053	56.1 
7155	56   
7259	55.7 
7365	55.4 
7472	55.1 
7581	54.7 
7691	54.5 
7803	54.2 
7916	54   
8032	53.9 
8148	53.6 
8267	53.5 
8387	53.3 
8509	53   
8633	52.9 
8758	52.7 
8886	52.7 
9015	52.6 
9146	52.7 
9279	52.7 
9414	52.6 
9551	52.2 
9690	51.9 
9831	51.7 
9974	51.5 
10119	51.4
10266	51.3
10416	51.3
10567	51.1
10721	51  
10877	51  
11035	51.1
11196	51.2
11358	51.2
11524	51  
11691	50.8
11861	50.9
12034	50.7
12209	50.7
12386	50.8
12567	50.7
12749	50.8
12935	51  
13123	50.8
13314	50.7
13507	50.5
13704	50.5
13903	50.6
14105	50.7
14311	50.6
14519	50.7
14730	50.7
14944	50.5
15162	50.6
15382	50.5
15606	50.5
15833	50.5
16063	50.7
16297	50.4
16534	50.4
16774	50.3
17018	50.5
17266	50.5
17517	50.5
17772	50.3
18030	50.3
18293	50.2
18559	50.4
18829	50.5
19102	50.3
19380	50.3
20000	50.3
overall dB	0.0 dB
decay	Average
averaging	No Smoothing
source	Totally Made Up


saved	--/-/--, --:-- AM
peak	0.0Hz
