
Frequency	dB	Unweighted
19.5	31.5 
19.8	31.5 
20.1	31.6 
20.3	31.7 
20.6	31.9 
20.9	32   
21.2	32.1 
21.6	32.2 
21.9	32.3 
22.2	32.3 
22.5	32.5 
22.8	32.6 
23.2	32.7 
23.5	32.7 
23.8	32.9 
24.2	32.9 
24.5	33.1 
24.9	33.1 
25.3	33.4 
25.6	33.4 
26	33.5   
26.4	33.5 
26.8	33.7 
27.2	33.9 
27.5	34   
28	33.9   
28.4	34.2 
28.8	34.2 
29.2	34.2 
29.6	34.4 
30	34.5   
30.5	34.6 
30.9	34.6 
31.4	34.8 
31.8	34.8 
32.3	34.9 
32.8	35   
33.2	35.1 
33.7	35.2 
34.2	35.3 
34.7	35.4 
35.2	35.6 
35.7	35.6 
36.2	35.8 
36.8	35.8 
37.3	35.8 
37.9	36   
38.4	36   
39	36.1   
39.5	36.2 
40.1	36.3 
40.7	36.3 
41.3	36.6 
41.9	36.5 
42.5	36.8 
43.1	36.9 
43.7	36.9 
44.4	36.9 
45	37     
45.7	37.2 
46.3	37.2 
47	37.2   
47.7	37.4 
48.4	37.5 
49.1	37.4 
49.8	37.6 
50.5	37.7 
51.3	37.7 
52	37.8   
52.8	37.9 
53.5	38   
54.3	38.2 
55.1	38.1 
55.9	38.3 
56.7	38.2 
57.5	38.3 
58.4	38.5 
59.2	38.6 
60.1	38.6 
61	38.6   
61.8	38.7 
62.7	38.7 
63.7	38.8 
64.6	38.9 
65.5	38.9 
66.5	38.9 
67.4	39   
68.4	39.1 
69.4	39.2 
70.4	39.3 
71.5	39.2 
72.5	39.3 
73.5	39.3 
74.6	39.5 
75.7	39.5 
76.8	39.5 
77.9	39.6 
79.1	39.5 
80.2	39.6 
81.4	39.6 
82.6	39.8 
83.8	39.8 
85	39.8   
86.2	39.9 
87.5	39.9 
88.7	39.9 
90	39.9   
91.3	39.9 
92.7	40.1 
94	40.1   
95.4	40.1 
96.8	40.1 
98.2	40.2 
99.6	40.1 
101	40.2  
103	40.1  
104	40.2  
106	40.3  
107	40.3  
109	40.3  
110	40.3  
112	40.3  
113	40.4  
115	40.4  
117	40.4  
118	40.4  
120	40.5  
122	40.3  
124	40.4  
125	40.4  
127	40.5  
129	40.4  
131	40.5  
133	40.6  
135	40.5  
137	40.5  
139	40.5  
141	40.5  
143	40.4  
145	40.5  
147	40.4  
149	40.4  
151	40.6  
154	40.6  
156	40.5  
158	40.5  
160	40.6  
163	40.6  
165	40.6  
168	40.6  
170	40.5  
172	40.5  
175	40.6  
177	40.6  
180	40.5  
183	40.5  
185	40.5  
188	40.5  
191	40.5  
194	40.6  
196	40.6  
199	40.5  
202	40.5  
205	40.6  
208	40.5  
211	40.5  
214	40.6  
217	40.6  
220	40.6  
224	40.6  
227	40.5  
230	40.5  
234	40.5  
237	40.6  
240	40.5  
244	40.6  
247	40.5  
251	40.6  
255	40.6  
258	40.5  
262	40.5  
266	40.6  
270	40.6  
274	40.5  
278	40.5  
282	40.6  
286	40.5  
290	40.7  
294	40.5  
298	40.5  
303	40.5  
307	40.6  
312	40.6  
316	40.6  
321	40.6  
325	40.6  
330	40.7  
335	40.6  
340	40.7  
345	40.7  
350	40.6  
355	40.6  
360	40.6  
365	40.6  
371	40.6  
376	40.7  
382	40.6  
387	40.6  
393	40.6  
398	40.6  
404	40.7  
410	40.7  
416	40.8  
422	40.7  
428	40.7  
434	40.8  
441	40.7  
447	40.6  
454	40.8  
460	40.7  
467	40.7  
474	40.8  
481	40.7  
488	40.7  
495	40.8  
502	40.8  
509	40.8  
517	40.9  
524	40.9  
532	40.8  
540	40.8  
547	40.9  
555	41    
563	41    
572	40.9  
580	41    
588	41    
597	41    
606	41.1  
614	41    
623	41    
632	41.2  
642	41.1  
651	41.1  
660	41.1  
670	41.1  
680	41.3  
690	41.2  
700	41.2  
710	41.3  
720	41.2  
731	41.3  
741	41.3  
752	41.3  
763	41.4  
774	41.3  
785	41.4  
797	41.6  
808	41.6  
820	41.5  
832	41.6  
844	41.6  
856	41.6  
869	41.6  
882	41.7  
894	41.8  
907	41.7  
921	41.8  
934	41.7  
948	41.8  
961	41.9  
975	42    
990	41.9  
1004	42.1 
1019	42.1 
1033	42.1 
1048	42.1 
1064	42.3 
1079	42.2 
1095	42.4 
1111	42.4 
1127	42.3 
1143	42.4 
1160	42.4 
1177	42.6 
1194	42.5 
1211	42.6 
1229	42.6 
1247	42.7 
1265	42.8 
1283	42.8 
1302	43   
1321	43   
1340	43.1 
1360	43.1 
1379	43.1 
1399	43.2 
1420	43.4 
1440	43.5 
1461	43.5 
1483	43.4 
1504	43.5 
1526	43.7 
1548	43.8 
1571	43.9 
1594	44   
1617	44   
1640	44.1 
1664	44.2 
1688	44.4 
1713	44.4 
1738	44.4 
1763	44.6 
1789	44.7 
1815	44.8 
1841	44.9 
1868	45.1 
1895	45.1 
1923	45.2 
1951	45.3 
1979	45.4 
2008	45.7 
2037	45.7 
2067	45.9 
2097	46   
2127	46.2 
2158	46.3 
2190	46.4 
2221	46.7 
2254	46.9 
2287	47   
2320	47.1 
2354	47.3 
2388	47.6 
2423	47.8 
2458	47.9 
2494	48.2 
2530	48.3 
2567	48.6 
2604	48.9 
2642	49.1 
2680	49.3 
2719	49.5 
2759	49.8 
2799	50   
2840	50.3 
2881	50.5 
2923	50.8 
2965	51   
3008	51.3 
3052	51.4 
3097	51.6 
3142	51.9 
3187	52   
3234	52.4 
3281	52.6 
3328	52.8 
3377	53.1 
3426	53.5 
3476	53.8 
3526	54.1 
3578	54.3 
3630	54.5 
3682	54.6 
3736	54.7 
3790	54.7 
3846	54.6 
3901	54.5 
3958	54.2 
4016	53.9 
4074	53.7 
4133	53.4 
4194	53.1 
4255	52.7 
4316	52.5 
4379	52.3 
4443	52   
4508	51.9 
4573	51.8 
4640	51.8 
4707	52   
4776	52   
4845	52.3 
4916	52.4 
4987	52.5 
5060	52.3 
5133	52.2 
5208	51.8 
5284	51.1 
5360	50.5 
5438	49.7 
5518	48.8 
5598	48.2 
5679	47.4 
5762	46.7 
5846	46.1 
5931	45.6 
6017	45.1 
6104	44.8 
6193	44.4 
6283	44.1 
6375	43.8 
6467	43.8 
6561	43.5 
6657	43.3 
6754	43   
6852	42.6 
6952	42.6 
7053	42.5 
7155	42.2 
7259	42.3 
7365	42   
7472	41.8 
7581	41.7 
7691	41.5 
7803	41.4 
7916	41.2 
8032	41.1 
8148	40.9 
8267	41   
8387	41.2 
8509	41.3 
8633	41.5 
8758	41.4 
8886	41.1 
9015	40.8 
9146	40.3 
9279	39.9 
9414	39.6 
9551	39.4 
9690	39.3 
9831	39.2 
9974	38.9 
10119	38.9
10266	38.6
10416	38.5
10567	38.5
10721	38.4
10877	38.2
11035	38.3
11196	38.2
11358	38.2
11524	38.5
11691	38.1
11861	37.9
12034	37.4
12209	37.2
12386	37.1
12567	36.9
12749	36.8
12935	36.6
13123	36.6
13314	36.5
13507	36.5
13704	36.6
13903	36.6
14105	36.3
14311	36.1
14519	35.7
14730	35.5
14944	35.6
15162	35.3
15382	35.2
15606	35.1
15833	35.2
16063	35.2
16297	34.9
16534	34.7
16774	34.4
17018	34.4
17266	34.2
17517	34  
17772	34.2
18030	34.2
18293	33.9
18559	33.6
18829	33.4
19102	33.4
19380	33.2
20000	33.2
overall dB	0.0 dB
decay	Average
averaging	No Smoothing
source	Totally Made Up


saved	--/-/--, --:-- AM
peak	0.0Hz
