
Frequency	dB	Unweighted
19.5	47.5 
19.8	47.6 
20.1	47.7 
20.3	47.8 
20.6	48   
20.9	48.1 
21.2	48.3 
21.6	48.3 
21.9	48.5 
22.2	48.5 
22.5	48.6 
22.8	48.7 
23.2	48.9 
23.5	49.1 
23.8	49.1 
24.2	49.2 
24.5	49.3 
24.9	49.5 
25.3	49.5 
25.6	49.7 
26	49.9   
26.4	49.9 
26.8	50.1 
27.2	50.2 
27.5	50.5 
28	50.5   
28.4	50.6 
28.8	50.7 
29.2	50.8 
29.6	51   
30	51.2   
30.5	51.2 
30.9	51.5 
31.4	51.6 
31.8	51.6 
32.3	51.8 
32.8	51.9 
33.2	52.1 
33.7	52.1 
34.2	52.3 
34.7	52.5 
35.2	52.6 
35.7	52.7 
36.2	52.9 
36.8	53.1 
37.3	53   
37.9	53.1 
38.4	53.3 
39	53.4   
39.5	53.5 
40.1	53.7 
40.7	53.9 
41.3	53.9 
41.9	54.1 
42.5	54.1 
43.1	54.3 
43.7	54.3 
44.4	54.4 
45	54.5   
45.7	54.8 
46.3	54.7 
47	54.8   
47.7	54.9 
48.4	55.1 
49.1	55.1 
49.8	55.3 
50.5	55.3 
51.3	55.5 
52	55.4   
52.8	55.6 
53.5	55.6 
54.3	55.7 
55.1	55.8 
55.9	55.8 
56.7	55.9 
57.5	56   
58.4	56   
59.2	56.2 
60.1	56.1 
61	56.3   
61.8	56.3 
62.7	56.3 
63.7	56.4 
64.6	56.4 
65.5	56.3 
66.5	56.4 
67.4	56.4 
68.4	56.5 
69.4	56.4 
70.4	56.4 
71.5	56.4 
72.5	56.4 
73.5	56.4 
74.6	56.4 
75.7	56.5 
76.8	56.4 
77.9	56.4 
79.1	56.4 
80.2	56.4 
81.4	56.4 
82.6	56.4 
83.8	56.4 
85	56.4   
86.2	56.3 
87.5	56.3 
88.7	56.3 
90	56.3   
91.3	56.2 
92.7	56.3 
94	56.2   
95.4	56.3 
96.8	56.1 
98.2	56.1 
99.6	56.2 
101	56.1  
103	56.1  
104	56    
106	56    
107	56.1  
109	56    
110	56.1  
112	56.1  
113	56    
115	55.9  
117	55.9  
118	56    
120	55.9  
122	55.9  
124	55.9  
125	55.8  
127	55.8  
129	55.7  
131	55.8  
133	55.8  
135	55.7  
137	55.8  
139	55.7  
141	55.7  
143	55.7  
145	55.5  
147	55.6  
149	55.4  
151	55.5  
154	55.4  
156	55.4  
158	55.3  
160	55.3  
163	55.4  
165	55.3  
168	55.3  
170	55.3  
172	55.3  
175	55.3  
177	55.1  
180	55.1  
183	55.1  
185	55    
188	55.1  
191	55    
194	54.9  
196	54.9  
199	54.9  
202	55    
205	54.9  
208	54.8  
211	54.7  
214	54.8  
217	54.8  
220	54.8  
224	54.7  
227	54.6  
230	54.7  
234	54.6  
237	54.5  
240	54.6  
244	54.5  
247	54.4  
251	54.4  
255	54.4  
258	54.3  
262	54.4  
266	54.3  
270	54.3  
274	54.2  
278	54.2  
282	54.2  
286	54.2  
290	54.2  
294	54    
298	54.1  
303	54    
307	54    
312	54    
316	53.9  
321	53.8  
325	53.9  
330	53.8  
335	53.8  
340	53.7  
345	53.7  
350	53.6  
355	53.7  
360	53.6  
365	53.5  
371	53.6  
376	53.6  
382	53.7  
387	53.6  
393	53.4  
398	53.5  
404	53.5  
410	53.3  
416	53.5  
422	53.3  
428	53.4  
434	53.4  
441	53.3  
447	53.3  
454	53.2  
460	53.1  
467	53.2  
474	53.2  
481	53.2  
488	53.2  
495	53.1  
502	53.2  
509	53.1  
517	53.1  
524	53.1  
532	53.1  
540	53    
547	53    
555	53    
563	52.9  
572	53    
580	53    
588	52.9  
597	52.9  
606	52.8  
614	52.9  
623	52.8  
632	52.8  
642	52.9  
651	52.8  
660	52.8  
670	52.9  
680	52.8  
690	52.9  
700	52.8  
710	52.7  
720	52.9  
731	52.9  
741	52.8  
752	52.8  
763	52.8  
774	52.9  
785	52.8  
797	52.7  
808	52.9  
820	52.7  
832	52.9  
844	52.9  
856	52.8  
869	52.7  
882	52.8  
894	52.8  
907	52.9  
921	52.9  
934	52.9  
948	53    
961	53    
975	52.9  
990	52.9  
1004	52.9 
1019	53   
1033	53   
1048	52.9 
1064	53.1 
1079	53.1 
1095	53.2 
1111	53   
1127	53.2 
1143	53.2 
1160	53.2 
1177	53.3 
1194	53.2 
1211	53.3 
1229	53.4 
1247	53.3 
1265	53.5 
1283	53.4 
1302	53.5 
1321	53.5 
1340	53.6 
1360	53.5 
1379	53.6 
1399	53.6 
1420	53.7 
1440	53.7 
1461	53.7 
1483	53.9 
1504	53.8 
1526	54   
1548	53.8 
1571	54   
1594	54.1 
1617	54   
1640	54.1 
1664	54.2 
1688	54.3 
1713	54.3 
1738	54.2 
1763	54.4 
1789	54.5 
1815	54.5 
1841	54.5 
1868	54.6 
1895	54.7 
1923	54.8 
1951	54.8 
1979	55   
2008	54.9 
2037	55.2 
2067	55.1 
2097	55.3 
2127	55.4 
2158	55.3 
2190	55.5 
2221	55.7 
2254	55.7 
2287	55.7 
2320	56   
2354	56.1 
2388	56.1 
2423	56.3 
2458	56.5 
2494	56.6 
2530	56.7 
2567	56.9 
2604	57   
2642	57.2 
2680	57.4 
2719	57.4 
2759	57.7 
2799	57.9 
2840	58.1 
2881	58.1 
2923	58.5 
2965	58.3 
3008	58.2 
3052	58   
3097	57.4 
3142	56.5 
3187	55.5 
3234	54.2 
3281	52.7 
3328	51.3 
3377	50   
3426	49.2 
3476	49.2 
3526	49.9 
3578	51.5 
3630	53.6 
3682	55.7 
3736	57.9 
3790	59.8 
3846	61.4 
3901	62.5 
3958	63.3 
4016	63.6 
4074	63.7 
4133	63.7 
4194	63.6 
4255	63.6 
4316	63.5 
4379	63.3 
4443	63.1 
4508	62.8 
4573	62.6 
4640	62.4 
4707	62   
4776	61.7 
4845	61.4 
4916	61   
4987	60.6 
5060	60   
5133	58.9 
5208	57.6 
5284	56.3 
5360	55.6 
5438	55.6 
5518	56.5 
5598	57.4 
5679	57.8 
5762	57.7 
5846	57.4 
5931	57.2 
6017	56.9 
6104	56.8 
6193	56.4 
6283	56.3 
6375	56.1 
6467	55.8 
6561	54.9 
6657	53.7 
6754	53.3 
6852	53.7 
6952	54.5 
7053	54.4 
7155	54.3 
7259	54.1 
7365	53.9 
7472	53.5 
7581	53.3 
7691	52.8 
7803	51.6 
7916	51.5 
8032	52.2 
8148	52.5 
8267	52.3 
8387	52   
8509	51.9 
8633	51.6 
8758	50.6 
8886	50   
9015	50.7 
9146	50.5 
9279	50.3 
9414	50   
9551	49.7 
9690	48.3 
9831	48.4 
9974	48.9 
10119	48.6
10266	48.3
10416	48.1
10567	47.2
10721	48.1
10877	48  
11035	48  
11196	47.5
11358	47  
11524	47.7
11691	47.8
11861	47.6
12034	47  
12209	47.5
12386	47.5
12567	47.5
12749	46.9
12935	47.3
13123	47.3
13314	46.7
13507	47.3
13704	47.3
13903	47  
14105	47.5
14311	47.4
14519	46.8
14730	47.2
14944	47.1
15162	46.9
15382	47  
15606	46.6
15833	46.9
16063	46.8
16297	46.8
16534	46.9
16774	46.8
17018	46.9
17266	46.8
17517	46.7
17772	46.7
18030	46.6
18293	46.9
18559	46.4
18829	46.8
19102	46.7
19380	46.5
20000	46.6
overall dB	0.0 dB
decay	Average
averaging	No Smoothing
source	Totally Made Up


saved	--/-/--, --:-- AM
peak	0.0Hz
