
Frequency	dB	Unweighted
19.5	47.6 
19.8	47.8 
20.1	47.9 
20.3	47.9 
20.6	48   
20.9	48.2 
21.2	48.3 
21.6	48.4 
21.9	48.5 
22.2	48.6 
22.5	48.7 
22.8	48.9 
23.2	49.1 
23.5	49.2 
23.8	49.3 
24.2	49.4 
24.5	49.6 
24.9	49.7 
25.3	49.8 
25.6	49.9 
26	50.1   
26.4	50.2 
26.8	50.4 
27.2	50.5 
27.5	50.7 
28	50.8   
28.4	51.1 
28.8	51.2 
29.2	51.3 
29.6	51.4 
30	51.5   
30.5	51.8 
30.9	51.8 
31.4	52.1 
31.8	52.1 
32.3	52.3 
32.8	52.4 
33.2	52.5 
33.7	52.7 
34.2	52.8 
34.7	53.1 
35.2	53.1 
35.7	53.3 
36.2	53.4 
36.8	53.5 
37.3	53.6 
37.9	53.8 
38.4	54   
39	54.1   
39.5	54.2 
40.1	54.4 
40.7	54.4 
41.3	54.6 
41.9	54.7 
42.5	54.7 
43.1	55   
43.7	55   
44.4	55.2 
45	55.3   
45.7	55.5 
46.3	55.6 
47	55.6   
47.7	55.7 
48.4	55.9 
49.1	56   
49.8	56   
50.5	56.1 
51.3	56.2 
52	56.3   
52.8	56.4 
53.5	56.6 
54.3	56.7 
55.1	56.6 
55.9	56.7 
56.7	56.7 
57.5	56.8 
58.4	56.9 
59.2	56.9 
60.1	57   
61	57.1   
61.8	57.1 
62.7	57.3 
63.7	57.3 
64.6	57.3 
65.5	57.2 
66.5	57.2 
67.4	57.4 
68.4	57.4 
69.4	57.3 
70.4	57.4 
71.5	57.4 
72.5	57.3 
73.5	57.3 
74.6	57.3 
75.7	57.4 
76.8	57.2 
77.9	57.3 
79.1	57.3 
80.2	57.4 
81.4	57.4 
82.6	57.4 
83.8	57.2 
85	57.3   
86.2	57.2 
87.5	57.3 
88.7	57.2 
90	57.1   
91.3	57.3 
92.7	57.2 
94	57.1   
95.4	57.2 
96.8	57.2 
98.2	57.2 
99.6	57.1 
101	57.1  
103	57.1  
104	57.1  
106	57.1  
107	57.1  
109	57    
110	57    
112	57.1  
113	57    
115	56.9  
117	56.9  
118	56.9  
120	56.9  
122	56.9  
124	56.9  
125	56.9  
127	56.8  
129	56.8  
131	56.9  
133	56.9  
135	56.8  
137	56.8  
139	56.7  
141	56.8  
143	56.7  
145	56.7  
147	56.6  
149	56.6  
151	56.6  
154	56.6  
156	56.5  
158	56.5  
160	56.5  
163	56.5  
165	56.4  
168	56.4  
170	56.4  
172	56.4  
175	56.3  
177	56.3  
180	56.2  
183	56.2  
185	56.3  
188	56.3  
191	56.2  
194	56.1  
196	56.1  
199	56.2  
202	56    
205	56    
208	56    
211	56    
214	56    
217	55.9  
220	56    
224	55.9  
227	56    
230	56    
234	56    
237	55.9  
240	55.8  
244	55.8  
247	55.8  
251	55.7  
255	55.7  
258	55.7  
262	55.6  
266	55.7  
270	55.7  
274	55.7  
278	55.5  
282	55.6  
286	55.5  
290	55.4  
294	55.4  
298	55.5  
303	55.4  
307	55.3  
312	55.4  
316	55.3  
321	55.3  
325	55.4  
330	55.3  
335	55.2  
340	55.1  
345	55.2  
350	55.2  
355	55.2  
360	55.2  
365	55.1  
371	55    
376	55.1  
382	55.1  
387	55    
393	54.9  
398	55.1  
404	55    
410	55    
416	54.9  
422	54.9  
428	54.8  
434	54.8  
441	54.9  
447	54.7  
454	54.9  
460	54.8  
467	54.7  
474	54.9  
481	54.8  
488	54.8  
495	54.8  
502	54.7  
509	54.8  
517	54.7  
524	54.7  
532	54.7  
540	54.7  
547	54.6  
555	54.6  
563	54.6  
572	54.7  
580	54.7  
588	54.6  
597	54.5  
606	54.6  
614	54.6  
623	54.5  
632	54.4  
642	54.4  
651	54.5  
660	54.4  
670	54.5  
680	54.5  
690	54.6  
700	54.5  
710	54.5  
720	54.6  
731	54.4  
741	54.5  
752	54.5  
763	54.5  
774	54.4  
785	54.6  
797	54.4  
808	54.6  
820	54.6  
832	54.5  
844	54.5  
856	54.5  
869	54.6  
882	54.6  
894	54.5  
907	54.7  
921	54.6  
934	54.6  
948	54.7  
961	54.7  
975	54.7  
990	54.7  
1004	54.8 
1019	54.6 
1033	54.7 
1048	54.8 
1064	54.8 
1079	54.8 
1095	54.9 
1111	54.8 
1127	55   
1143	55   
1160	54.9 
1177	55   
1194	55   
1211	55   
1229	55.1 
1247	55.1 
1265	55.1 
1283	55.2 
1302	55.1 
1321	55.3 
1340	55.2 
1360	55.2 
1379	55.4 
1399	55.4 
1420	55.4 
1440	55.4 
1461	55.4 
1483	55.5 
1504	55.6 
1526	55.7 
1548	55.6 
1571	55.7 
1594	55.7 
1617	55.8 
1640	55.8 
1664	55.9 
1688	55.9 
1713	56.1 
1738	56.1 
1763	56.1 
1789	56.3 
1815	56.2 
1841	56.3 
1868	56.4 
1895	56.5 
1923	56.6 
1951	56.6 
1979	56.7 
2008	56.9 
2037	56.9 
2067	57   
2097	57.1 
2127	57.1 
2158	57.1 
2190	57.4 
2221	57.4 
2254	57.5 
2287	57.7 
2320	57.8 
2354	57.8 
2388	58   
2423	58.2 
2458	58.3 
2494	58.3 
2530	58.4 
2567	58.6 
2604	58.8 
2642	58.9 
2680	59.1 
2719	59.2 
2759	59.4 
2799	59.6 
2840	59.8 
2881	60   
2923	60.2 
2965	60.1 
3008	60.1 
3052	59.8 
3097	59.5 
3142	59.2 
3187	58.5 
3234	57.8 
3281	57   
3328	56.2 
3377	55.5 
3426	55.3 
3476	55.3 
3526	56   
3578	57   
3630	58.3 
3682	59.6 
3736	61.2 
3790	62.5 
3846	63.6 
3901	64.5 
3958	65.1 
4016	65.4 
4074	65.5 
4133	65.5 
4194	65.6 
4255	65.5 
4316	65.4 
4379	65.1 
4443	65   
4508	64.7 
4573	64.4 
4640	64.2 
4707	63.9 
4776	63.5 
4845	63.1 
4916	62.8 
4987	62.4 
5060	61.9 
5133	60.8 
5208	59.8 
5284	58.8 
5360	58.2 
5438	58.2 
5518	58.8 
5598	59.1 
5679	59.6 
5762	59.4 
5846	59.2 
5931	59   
6017	58.7 
6104	58.5 
6193	58.3 
6283	58   
6375	57.8 
6467	57.5 
6561	56.7 
6657	55.8 
6754	55.3 
6852	55.7 
6952	56.2 
7053	56.2 
7155	56.1 
7259	55.8 
7365	55.4 
7472	55.2 
7581	55   
7691	54.4 
7803	53.6 
7916	53.3 
8032	53.9 
8148	54.2 
8267	53.8 
8387	53.8 
8509	53.5 
8633	53.2 
8758	52.3 
8886	51.8 
9015	52   
9146	52   
9279	51.7 
9414	51.4 
9551	51.1 
9690	50.1 
9831	50.1 
9974	50.4 
10119	50  
10266	49.8
10416	49.6
10567	48.9
10721	49.4
10877	49.5
11035	49.3
11196	48.9
11358	48.6
11524	49.1
11691	49  
11861	49.1
12034	48.3
12209	49.1
12386	48.9
12567	48.8
12749	48.5
12935	48.9
13123	48.8
13314	48.3
13507	48.7
13704	48.7
13903	48.3
14105	48.7
14311	48.8
14519	48.3
14730	48.8
14944	48.6
15162	48.3
15382	48.5
15606	47.9
15833	48.4
16063	48.1
16297	48.3
16534	48.2
16774	48.3
17018	48.3
17266	48.2
17517	48.2
17772	48.1
18030	47.8
18293	48.1
18559	47.9
18829	48.3
19102	48.2
19380	47.8
20000	47.9
overall dB	0.0 dB
decay	Average
averaging	No Smoothing
source	Totally Made Up


saved	--/-/--, --:-- AM
peak	0.0Hz
