
Frequency	dB	Unweighted
19.5	47.4 
19.8	47.5 
20.1	47.6 
20.3	47.7 
20.6	47.8 
20.9	48.1 
21.2	48.1 
21.6	48.3 
21.9	48.3 
22.2	48.6 
22.5	48.8 
22.8	48.8 
23.2	49.1 
23.5	49.3 
23.8	49.4 
24.2	49.4 
24.5	49.8 
24.9	49.9 
25.3	50   
25.6	50.1 
26	50.4   
26.4	50.5 
26.8	50.8 
27.2	50.8 
27.5	51   
28	51.1   
28.4	51.4 
28.8	51.5 
29.2	51.7 
29.6	51.9 
30	52.1   
30.5	52.2 
30.9	52.4 
31.4	52.5 
31.8	52.8 
32.3	52.9 
32.8	53.2 
33.2	53.2 
33.7	53.5 
34.2	53.5 
34.7	53.8 
35.2	53.9 
35.7	54   
36.2	54.1 
36.8	54.4 
37.3	54.6 
37.9	54.7 
38.4	54.9 
39	55     
39.5	55.2 
40.1	55.3 
40.7	55.5 
41.3	55.7 
41.9	55.8 
42.5	55.9 
43.1	56.1 
43.7	56.2 
44.4	56.4 
45	56.4   
45.7	56.6 
46.3	56.7 
47	57     
47.7	56.9 
48.4	57.2 
49.1	57.2 
49.8	57.3 
50.5	57.6 
51.3	57.5 
52	57.8   
52.8	57.8 
53.5	58   
54.3	58.1 
55.1	58.1 
55.9	58.2 
56.7	58.2 
57.5	58.3 
58.4	58.4 
59.2	58.4 
60.1	58.6 
61	58.5   
61.8	58.6 
62.7	58.7 
63.7	58.8 
64.6	58.7 
65.5	58.8 
66.5	58.9 
67.4	58.8 
68.4	58.9 
69.4	58.9 
70.4	58.9 
71.5	58.9 
72.5	59   
73.5	58.9 
74.6	58.9 
75.7	58.9 
76.8	59   
77.9	58.8 
79.1	58.9 
80.2	59   
81.4	58.9 
82.6	58.8 
83.8	58.9 
85	58.9   
86.2	58.8 
87.5	58.9 
88.7	58.8 
90	58.8   
91.3	58.9 
92.7	58.9 
94	58.9   
95.4	58.8 
96.8	58.8 
98.2	58.7 
99.6	58.8 
101	58.8  
103	58.8  
104	58.8  
106	58.7  
107	58.7  
109	58.7  
110	58.7  
112	58.6  
113	58.6  
115	58.6  
117	58.7  
118	58.7  
120	58.7  
122	58.6  
124	58.5  
125	58.6  
127	58.5  
129	58.6  
131	58.5  
133	58.5  
135	58.4  
137	58.4  
139	58.4  
141	58.4  
143	58.4  
145	58.3  
147	58.4  
149	58.2  
151	58.2  
154	58.2  
156	58.2  
158	58.2  
160	58.3  
163	58.3  
165	58.3  
168	58.1  
170	58.2  
172	58.1  
175	58.1  
177	58.1  
180	58.1  
183	58.1  
185	58.1  
188	58.1  
191	57.9  
194	58    
196	57.9  
199	57.9  
202	57.9  
205	57.9  
208	57.9  
211	57.9  
214	57.8  
217	57.8  
220	57.8  
224	57.7  
227	57.8  
230	57.8  
234	57.8  
237	57.8  
240	57.6  
244	57.7  
247	57.7  
251	57.6  
255	57.6  
258	57.6  
262	57.5  
266	57.5  
270	57.5  
274	57.5  
278	57.5  
282	57.4  
286	57.4  
290	57.3  
294	57.3  
298	57.4  
303	57.4  
307	57.4  
312	57.2  
316	57.4  
321	57.3  
325	57.2  
330	57.2  
335	57.2  
340	57.3  
345	57.2  
350	57.2  
355	57.3  
360	57.2  
365	57.2  
371	57.1  
376	57.1  
382	57.1  
387	57.2  
393	57    
398	57    
404	56.9  
410	57    
416	57    
422	57.1  
428	56.9  
434	56.9  
441	57    
447	56.9  
454	57    
460	57    
467	56.9  
474	56.9  
481	56.9  
488	56.9  
495	56.8  
502	56.9  
509	56.9  
517	56.8  
524	56.8  
532	56.9  
540	56.8  
547	56.9  
555	56.8  
563	56.8  
572	56.8  
580	56.7  
588	56.7  
597	56.7  
606	56.8  
614	56.8  
623	56.8  
632	56.8  
642	56.7  
651	56.7  
660	56.7  
670	56.8  
680	56.7  
690	56.7  
700	56.7  
710	56.7  
720	56.8  
731	56.9  
741	56.9  
752	56.8  
763	56.9  
774	56.9  
785	56.8  
797	56.9  
808	56.8  
820	56.8  
832	56.8  
844	56.8  
856	56.9  
869	56.9  
882	56.9  
894	56.8  
907	56.9  
921	56.9  
934	57    
948	57    
961	57.1  
975	57.1  
990	57.1  
1004	57   
1019	57.1 
1033	57.1 
1048	57.1 
1064	57.1 
1079	57.1 
1095	57.2 
1111	57.3 
1127	57.2 
1143	57.3 
1160	57.3 
1177	57.3 
1194	57.5 
1211	57.4 
1229	57.6 
1247	57.4 
1265	57.6 
1283	57.6 
1302	57.6 
1321	57.6 
1340	57.6 
1360	57.7 
1379	57.8 
1399	57.8 
1420	57.8 
1440	58   
1461	58.1 
1483	58   
1504	58.1 
1526	58.1 
1548	58.1 
1571	58.3 
1594	58.3 
1617	58.2 
1640	58.5 
1664	58.4 
1688	58.6 
1713	58.6 
1738	58.6 
1763	58.8 
1789	58.8 
1815	59   
1841	58.9 
1868	58.9 
1895	59.1 
1923	59.3 
1951	59.4 
1979	59.4 
2008	59.5 
2037	59.6 
2067	59.7 
2097	59.7 
2127	60   
2158	60.1 
2190	60   
2221	60.2 
2254	60.4 
2287	60.5 
2320	60.5 
2354	60.7 
2388	60.9 
2423	61   
2458	61.1 
2494	61.4 
2530	61.5 
2567	61.8 
2604	61.9 
2642	62.2 
2680	62.3 
2719	62.6 
2759	62.7 
2799	63   
2840	63.3 
2881	63.6 
2923	63.7 
2965	64.1 
3008	64.3 
3052	64.5 
3097	64.9 
3142	65.2 
3187	65.6 
3234	65.7 
3281	66.2 
3328	66.5 
3377	66.9 
3426	67   
3476	67.4 
3526	67.6 
3578	67.9 
3630	68.3 
3682	68.3 
3736	68.5 
3790	68.6 
3846	68.7 
3901	68.8 
3958	68.6 
4016	68.7 
4074	68.4 
4133	68.3 
4194	68   
4255	67.7 
4316	67.4 
4379	66.9 
4443	66.5 
4508	66   
4573	65.4 
4640	64.8 
4707	64.2 
4776	63.3 
4845	62.6 
4916	61.9 
4987	61.1 
5060	60.2 
5133	59.5 
5208	58.8 
5284	58.3 
5360	58   
5438	57.8 
5518	57.8 
5598	57.7 
5679	57.7 
5762	57.7 
5846	57.3 
5931	56.9 
6017	56.6 
6104	56.1 
6193	55.7 
6283	55.6 
6375	55.3 
6467	55.5 
6561	55.8 
6657	56   
6754	56.4 
6852	56.8 
6952	57   
7053	57.2 
7155	57.4 
7259	57.3 
7365	57.3 
7472	57.1 
7581	57   
7691	56.8 
7803	56.3 
7916	55.9 
8032	55.2 
8148	54.8 
8267	54.4 
8387	54.1 
8509	54.1 
8633	54.3 
8758	54.6 
8886	54.6 
9015	54.5 
9146	54.5 
9279	54.2 
9414	54   
9551	53.6 
9690	53.1 
9831	52.7 
9974	52.3 
10119	51.8
10266	51.6
10416	51.6
10567	51.6
10721	51.8
10877	52.3
11035	52.5
11196	52.7
11358	52.6
11524	52.6
11691	52.7
11861	52.5
12034	52.3
12209	52  
12386	51.4
12567	51.2
12749	51.3
12935	51.5
13123	51.7
13314	51.9
13507	52.1
13704	52  
13903	51.8
14105	51.4
14311	51.6
14519	52  
14730	51.9
14944	51.7
15162	51.3
15382	51  
15606	51  
15833	51.5
16063	51.9
16297	51.9
16534	51.8
16774	51.4
17018	51  
17266	51.1
17517	51.2
17772	51.4
18030	51.4
18293	51.3
18559	51.5
18829	51.5
19102	51.1
19380	50.7
20000	51.6
overall dB	0.0 dB
decay	Average
averaging	No Smoothing
source	Totally Made Up


saved	--/-/--, --:-- AM
peak	0.0Hz
