
Frequency	dB	Unweighted
19.5	40.8 
19.8	41   
20.1	41.1 
20.3	41.2 
20.6	41.2 
20.9	41.1 
21.2	41.2 
21.6	41.3 
21.9	41.4 
22.2	41.4 
22.5	41.4 
22.8	41.5 
23.2	41.5 
23.5	41.6 
23.8	41.7 
24.2	41.7 
24.5	41.7 
24.9	41.7 
25.3	41.8 
25.6	42   
26	42     
26.4	42   
26.8	42.1 
27.2	42   
27.5	42.1 
28	42     
28.4	42.1 
28.8	42.1 
29.2	42.3 
29.6	42.3 
30	42.2   
30.5	42.4 
30.9	42.4 
31.4	42.4 
31.8	42.4 
32.3	42.5 
32.8	42.6 
33.2	42.5 
33.7	42.5 
34.2	42.6 
34.7	42.6 
35.2	42.7 
35.7	42.7 
36.2	42.7 
36.8	42.7 
37.3	42.8 
37.9	42.8 
38.4	42.7 
39	42.8   
39.5	42.7 
40.1	42.8 
40.7	42.9 
41.3	42.8 
41.9	42.9 
42.5	42.9 
43.1	42.8 
43.7	42.9 
44.4	42.9 
45	42.9   
45.7	43   
46.3	42.9 
47	42.9   
47.7	42.9 
48.4	43   
49.1	43   
49.8	43   
50.5	42.9 
51.3	43   
52	42.9   
52.8	43   
53.5	43   
54.3	42.9 
55.1	42.9 
55.9	43.1 
56.7	43.1 
57.5	42.9 
58.4	43.1 
59.2	43   
60.1	43   
61	43     
61.8	43.1 
62.7	43   
63.7	43   
64.6	43.1 
65.5	43.1 
66.5	43   
67.4	43.1 
68.4	43.1 
69.4	43   
70.4	43   
71.5	43   
72.5	43.1 
73.5	43   
74.6	43.1 
75.7	43.1 
76.8	43.1 
77.9	43.1 
79.1	43.1 
80.2	43.1 
81.4	43   
82.6	43.1 
83.8	43.1 
85	43     
86.2	43   
87.5	43.1 
88.7	43.1 
90	43.1   
91.3	43.1 
92.7	42.9 
94	43     
95.4	42.9 
96.8	42.9 
98.2	43   
99.6	43.1 
101	43.1  
103	43.1  
104	43    
106	42.9  
107	42.9  
109	43    
110	43    
112	43    
113	43    
115	43    
117	43.1  
118	43    
120	42.9  
122	42.9  
124	43.1  
125	43    
127	42.9  
129	42.9  
131	42.9  
133	42.9  
135	43    
137	43    
139	42.9  
141	43    
143	42.9  
145	43    
147	43    
149	43    
151	43    
154	43    
156	43    
158	43    
160	43    
163	42.9  
165	42.9  
168	42.9  
170	42.8  
172	42.9  
175	43    
177	42.9  
180	43    
183	42.9  
185	43    
188	42.9  
191	43    
194	42.9  
196	43    
199	42.8  
202	43    
205	43    
208	42.9  
211	42.9  
214	43    
217	42.9  
220	42.9  
224	43    
227	43    
230	42.9  
234	42.8  
237	42.9  
240	42.8  
244	42.9  
247	43    
251	43    
255	42.9  
258	43    
262	42.8  
266	42.9  
270	43    
274	43    
278	42.9  
282	43    
286	42.8  
290	42.9  
294	42.9  
298	43    
303	42.9  
307	43    
312	42.9  
316	43    
321	43    
325	42.9  
330	43    
335	43    
340	42.9  
345	43    
350	43.1  
355	43    
360	43.1  
365	43.1  
371	43    
376	43    
382	42.9  
387	43.1  
393	43    
398	43    
404	43    
410	43    
416	43    
422	43    
428	43    
434	43.1  
441	43    
447	43.1  
454	43    
460	43    
467	43.1  
474	43.1  
481	43    
488	43.1  
495	43    
502	43.1  
509	43.1  
517	43.2  
524	43.2  
532	43.2  
540	43.2  
547	43.2  
555	43.3  
563	43.1  
572	43.2  
580	43.1  
588	43.2  
597	43.2  
606	43.3  
614	43.2  
623	43.2  
632	43.3  
642	43.4  
651	43.4  
660	43.2  
670	43.3  
680	43.4  
690	43.4  
700	43.3  
710	43.5  
720	43.3  
731	43.5  
741	43.5  
752	43.4  
763	43.5  
774	43.6  
785	43.4  
797	43.6  
808	43.6  
820	43.6  
832	43.5  
844	43.7  
856	43.6  
869	43.6  
882	43.6  
894	43.6  
907	43.7  
921	43.7  
934	43.8  
948	43.9  
961	43.8  
975	43.9  
990	44    
1004	44   
1019	44   
1033	44   
1048	44   
1064	44   
1079	44.1 
1095	44.1 
1111	44.1 
1127	44.2 
1143	44.2 
1160	44.2 
1177	44.3 
1194	44.4 
1211	44.3 
1229	44.3 
1247	44.5 
1265	44.5 
1283	44.4 
1302	44.6 
1321	44.7 
1340	44.7 
1360	44.8 
1379	44.8 
1399	44.9 
1420	44.9 
1440	44.8 
1461	45.1 
1483	45   
1504	45.2 
1526	45.1 
1548	45.1 
1571	45.3 
1594	45.4 
1617	45.5 
1640	45.5 
1664	45.6 
1688	45.6 
1713	45.8 
1738	45.8 
1763	45.9 
1789	46   
1815	46.2 
1841	46.3 
1868	46.4 
1895	46.5 
1923	46.5 
1951	46.8 
1979	46.9 
2008	46.9 
2037	47.1 
2067	47.3 
2097	47.4 
2127	47.6 
2158	47.8 
2190	47.9 
2221	48.1 
2254	48.3 
2287	48.4 
2320	48.7 
2354	48.9 
2388	49.1 
2423	49.4 
2458	49.5 
2494	49.9 
2530	50.1 
2567	50.2 
2604	50.6 
2642	51   
2680	51.1 
2719	51.5 
2759	51.7 
2799	52   
2840	52   
2881	52.2 
2923	52.4 
2965	52.5 
3008	52.6 
3052	52.5 
3097	52.6 
3142	52.4 
3187	52.3 
3234	52.1 
3281	52   
3328	51.8 
3377	51.7 
3426	51.7 
3476	51.6 
3526	51.5 
3578	51.7 
3630	51.5 
3682	51.4 
3736	51.3 
3790	51.1 
3846	50.8 
3901	50.6 
3958	50.3 
4016	49.8 
4074	49.5 
4133	49.2 
4194	48.9 
4255	48.6 
4316	48.5 
4379	48.1 
4443	47.8 
4508	47.7 
4573	47.4 
4640	47.2 
4707	47.1 
4776	47   
4845	46.8 
4916	46.8 
4987	46.7 
5060	46.7 
5133	46.6 
5208	46.3 
5284	46.2 
5360	46.2 
5438	46.1 
5518	46.2 
5598	46.4 
5679	46.2 
5762	46.1 
5846	46   
5931	45.6 
6017	45.3 
6104	45   
6193	44.7 
6283	44.5 
6375	44.2 
6467	44   
6561	43.8 
6657	43.5 
6754	43.4 
6852	43.1 
6952	43.2 
7053	43.2 
7155	43.3 
7259	43.2 
7365	43.3 
7472	43.1 
7581	43   
7691	43   
7803	43   
7916	42.8 
8032	42.7 
8148	42.7 
8267	42.5 
8387	42.6 
8509	42.6 
8633	42.6 
8758	42.8 
8886	42.7 
9015	42.8 
9146	42.7 
9279	42.7 
9414	42.9 
9551	42.8 
9690	42.7 
9831	42.5 
9974	42.5 
10119	42.2
10266	42  
10416	42.1
10567	42.2
10721	42.2
10877	42  
11035	42  
11196	41.8
11358	41.8
11524	41.9
11691	41.9
11861	42  
12034	42  
12209	41.9
12386	42.1
12567	42  
12749	41.9
12935	41.6
13123	41.6
13314	41.8
13507	41.6
13704	41.4
13903	41.6
14105	41.7
14311	41.6
14519	41.5
14730	41.8
14944	41.8
15162	41.6
15382	41.6
15606	41.6
15833	41.4
16063	41.5
16297	41.4
16534	41.3
16774	41.3
17018	41.5
17266	41.5
17517	41.5
17772	41.2
18030	41.3
18293	41.2
18559	41.2
18829	41.3
19102	41.3
19380	41.4
20000	41.3
overall dB	0.0 dB
decay	Average
averaging	No Smoothing
source	Totally Made Up


saved	--/-/--, --:-- AM
peak	0.0Hz
