
Frequency	dB	Unweighted
19.5	41.1 
19.8	41.2 
20.1	41.3 
20.3	41.3 
20.6	41.4 
20.9	41.4 
21.2	41.5 
21.6	41.7 
21.9	41.7 
22.2	41.7 
22.5	41.8 
22.8	41.9 
23.2	42   
23.5	42   
23.8	42   
24.2	42.2 
24.5	42.2 
24.9	42.2 
25.3	42.2 
25.6	42.3 
26	42.4   
26.4	42.4 
26.8	42.3 
27.2	42.4 
27.5	42.4 
28	42.6   
28.4	42.6 
28.8	42.6 
29.2	42.6 
29.6	42.6 
30	42.7   
30.5	42.8 
30.9	42.7 
31.4	42.8 
31.8	42.8 
32.3	42.9 
32.8	42.9 
33.2	42.9 
33.7	43   
34.2	43   
34.7	42.9 
35.2	43.1 
35.7	43   
36.2	43.1 
36.8	43   
37.3	43.1 
37.9	43   
38.4	43.1 
39	43.1   
39.5	43.1 
40.1	43.2 
40.7	43.2 
41.3	43.1 
41.9	43.1 
42.5	43.2 
43.1	43.2 
43.7	43.2 
44.4	43.1 
45	43.2   
45.7	43.1 
46.3	43.1 
47	43.2   
47.7	43.3 
48.4	43.3 
49.1	43.2 
49.8	43.3 
50.5	43.2 
51.3	43.3 
52	43.2   
52.8	43.3 
53.5	43.3 
54.3	43.2 
55.1	43.3 
55.9	43.2 
56.7	43.3 
57.5	43.2 
58.4	43.2 
59.2	43.2 
60.1	43.2 
61	43.2   
61.8	43.2 
62.7	43.1 
63.7	43.2 
64.6	43.2 
65.5	43.3 
66.5	43.1 
67.4	43.1 
68.4	43.1 
69.4	43.3 
70.4	43.3 
71.5	43.2 
72.5	43.2 
73.5	43.1 
74.6	43.1 
75.7	43.1 
76.8	43.2 
77.9	43.2 
79.1	43.1 
80.2	43.2 
81.4	43.2 
82.6	43.2 
83.8	43.1 
85	43.2   
86.2	43.2 
87.5	43.1 
88.7	43.1 
90	43.1   
91.3	43.2 
92.7	43.2 
94	43.2   
95.4	43.1 
96.8	43   
98.2	43   
99.6	43   
101	43    
103	43.1  
104	43    
106	43    
107	43    
109	43.1  
110	43.1  
112	43.1  
113	43    
115	43.1  
117	43    
118	43    
120	43    
122	43    
124	43    
125	43    
127	43    
129	43    
131	42.9  
133	43.1  
135	43.1  
137	43    
139	43    
141	42.9  
143	43    
145	43    
147	42.9  
149	43    
151	42.9  
154	42.8  
156	42.9  
158	43    
160	43    
163	43    
165	42.9  
168	43    
170	42.9  
172	42.9  
175	42.8  
177	43    
180	43    
183	43    
185	42.9  
188	43    
191	43    
194	43    
196	42.9  
199	43    
202	43    
205	42.9  
208	42.9  
211	42.9  
214	42.9  
217	42.8  
220	42.9  
224	42.9  
227	42.8  
230	42.9  
234	43    
237	42.9  
240	42.8  
244	43    
247	42.8  
251	42.8  
255	42.9  
258	42.9  
262	42.8  
266	43    
270	42.8  
274	42.9  
278	42.9  
282	42.9  
286	42.8  
290	42.8  
294	42.9  
298	42.9  
303	43    
307	42.9  
312	43    
316	42.9  
321	42.8  
325	42.9  
330	42.9  
335	43    
340	42.9  
345	42.9  
350	43    
355	43    
360	42.9  
365	42.9  
371	42.9  
376	42.9  
382	43    
387	43    
393	43    
398	43    
404	43    
410	43    
416	43    
422	42.9  
428	42.9  
434	42.9  
441	42.9  
447	42.9  
454	43    
460	43    
467	43    
474	43.1  
481	43    
488	43.1  
495	43.1  
502	43.2  
509	43    
517	43.1  
524	43.2  
532	43.2  
540	43.2  
547	43.1  
555	43.1  
563	43.2  
572	43.3  
580	43.2  
588	43.1  
597	43.1  
606	43.1  
614	43.2  
623	43.1  
632	43.3  
642	43.2  
651	43.2  
660	43.2  
670	43.3  
680	43.3  
690	43.4  
700	43.3  
710	43.4  
720	43.4  
731	43.4  
741	43.4  
752	43.3  
763	43.4  
774	43.5  
785	43.4  
797	43.5  
808	43.5  
820	43.5  
832	43.5  
844	43.6  
856	43.5  
869	43.6  
882	43.7  
894	43.6  
907	43.6  
921	43.8  
934	43.7  
948	43.7  
961	43.8  
975	43.7  
990	43.8  
1004	43.8 
1019	43.9 
1033	43.9 
1048	44   
1064	44   
1079	44.1 
1095	44.1 
1111	44.1 
1127	44.2 
1143	44.1 
1160	44.2 
1177	44.2 
1194	44.3 
1211	44.3 
1229	44.4 
1247	44.5 
1265	44.4 
1283	44.4 
1302	44.6 
1321	44.6 
1340	44.5 
1360	44.8 
1379	44.6 
1399	44.7 
1420	44.8 
1440	44.9 
1461	44.9 
1483	45.1 
1504	45   
1526	45.2 
1548	45.1 
1571	45.4 
1594	45.4 
1617	45.5 
1640	45.5 
1664	45.6 
1688	45.6 
1713	45.8 
1738	45.8 
1763	46   
1789	46   
1815	46.1 
1841	46.2 
1868	46.4 
1895	46.5 
1923	46.5 
1951	46.7 
1979	46.7 
2008	46.9 
2037	47   
2067	47.2 
2097	47.5 
2127	47.6 
2158	47.6 
2190	47.9 
2221	48   
2254	48.3 
2287	48.4 
2320	48.7 
2354	48.9 
2388	49.1 
2423	49.2 
2458	49.5 
2494	49.9 
2530	50   
2567	50.2 
2604	50.6 
2642	50.9 
2680	51   
2719	51.5 
2759	51.7 
2799	52   
2840	52.2 
2881	52.3 
2923	52.3 
2965	52.2 
3008	52.3 
3052	52   
3097	51.8 
3142	51.5 
3187	51.1 
3234	50.7 
3281	50.5 
3328	50.2 
3377	50.2 
3426	50.4 
3476	50.5 
3526	50.6 
3578	51   
3630	51   
3682	51.2 
3736	51.1 
3790	50.9 
3846	50.8 
3901	50.4 
3958	50.2 
4016	49.8 
4074	49.6 
4133	49.2 
4194	49   
4255	48.7 
4316	48.3 
4379	48   
4443	47.9 
4508	47.5 
4573	47.5 
4640	47.3 
4707	47.1 
4776	47   
4845	47   
4916	46.9 
4987	47   
5060	47   
5133	46.9 
5208	46.8 
5284	46.7 
5360	46.7 
5438	46.9 
5518	47   
5598	47.2 
5679	47.1 
5762	46.9 
5846	46.4 
5931	46.1 
6017	45.6 
6104	45.3 
6193	44.8 
6283	44.7 
6375	44.3 
6467	44.1 
6561	43.9 
6657	43.7 
6754	43.3 
6852	43.1 
6952	43.1 
7053	43.3 
7155	43.4 
7259	43.2 
7365	43.2 
7472	43.2 
7581	43   
7691	43.1 
7803	43   
7916	42.8 
8032	42.7 
8148	42.5 
8267	42.6 
8387	42.8 
8509	42.6 
8633	42.6 
8758	42.6 
8886	42.7 
9015	42.9 
9146	42.9 
9279	42.9 
9414	43   
9551	43   
9690	42.8 
9831	42.5 
9974	42.4 
10119	42.2
10266	42  
10416	42  
10567	42.1
10721	42  
10877	42.1
11035	42  
11196	41.7
11358	41.8
11524	41.9
11691	42  
11861	41.8
12034	41.9
12209	42.1
12386	42.2
12567	42  
12749	42  
12935	41.5
13123	41.8
13314	41.7
13507	41.6
13704	41.5
13903	41.6
14105	41.6
14311	41.7
14519	41.5
14730	41.7
14944	41.8
15162	41.5
15382	41.5
15606	41.4
15833	41.3
16063	41.4
16297	41.4
16534	41.3
16774	41.4
17018	41.4
17266	41.5
17517	41.4
17772	41.3
18030	41.3
18293	41.4
18559	41.3
18829	41.2
19102	41.3
19380	41.4
20000	41.3
overall dB	0.0 dB
decay	Average
averaging	No Smoothing
source	Totally Made Up


saved	--/-/--, --:-- AM
peak	0.0Hz
