
Frequency	dB	Unweighted
19.5	41.2 
19.8	41.5 
20.1	41.4 
20.3	41.6 
20.6	41.6 
20.9	41.7 
21.2	41.8 
21.6	41.9 
21.9	41.9 
22.2	41.9 
22.5	42.1 
22.8	42   
23.2	42.1 
23.5	42.2 
23.8	42.2 
24.2	42.4 
24.5	42.3 
24.9	42.4 
25.3	42.6 
25.6	42.4 
26	42.6   
26.4	42.6 
26.8	42.7 
27.2	42.6 
27.5	42.7 
28	42.7   
28.4	42.8 
28.8	42.8 
29.2	42.9 
29.6	43   
30	42.9   
30.5	43.1 
30.9	43   
31.4	43   
31.8	43.1 
32.3	43   
32.8	43.2 
33.2	43   
33.7	43.1 
34.2	43.2 
34.7	43.2 
35.2	43.1 
35.7	43.2 
36.2	43.2 
36.8	43.3 
37.3	43.3 
37.9	43.3 
38.4	43.2 
39	43.2   
39.5	43.4 
40.1	43.3 
40.7	43.3 
41.3	43.4 
41.9	43.4 
42.5	43.3 
43.1	43.3 
43.7	43.3 
44.4	43.4 
45	43.3   
45.7	43.3 
46.3	43.3 
47	43.3   
47.7	43.4 
48.4	43.4 
49.1	43.4 
49.8	43.4 
50.5	43.5 
51.3	43.3 
52	43.5   
52.8	43.4 
53.5	43.4 
54.3	43.3 
55.1	43.4 
55.9	43.3 
56.7	43.4 
57.5	43.3 
58.4	43.3 
59.2	43.3 
60.1	43.3 
61	43.3   
61.8	43.4 
62.7	43.3 
63.7	43.2 
64.6	43.2 
65.5	43.3 
66.5	43.3 
67.4	43.2 
68.4	43.2 
69.4	43.2 
70.4	43.3 
71.5	43.2 
72.5	43.3 
73.5	43.3 
74.6	43.3 
75.7	43.1 
76.8	43.2 
77.9	43.3 
79.1	43.2 
80.2	43.1 
81.4	43.3 
82.6	43.1 
83.8	43.2 
85	43.3   
86.2	43.2 
87.5	43.1 
88.7	43.2 
90	43.1   
91.3	43   
92.7	43.2 
94	43     
95.4	43   
96.8	43.2 
98.2	43.1 
99.6	43.1 
101	43    
103	43    
104	43.1  
106	43    
107	43.1  
109	43    
110	43.1  
112	43.1  
113	43    
115	43    
117	43.1  
118	43    
120	43.1  
122	43.1  
124	43    
125	43    
127	42.9  
129	43    
131	43    
133	42.9  
135	43    
137	42.9  
139	43    
141	42.9  
143	43    
145	42.9  
147	42.9  
149	42.9  
151	42.8  
154	43    
156	42.8  
158	42.8  
160	43    
163	43    
165	42.8  
168	42.8  
170	42.9  
172	42.8  
175	43    
177	42.8  
180	42.9  
183	42.9  
185	42.9  
188	42.9  
191	42.9  
194	42.9  
196	42.8  
199	42.8  
202	42.8  
205	42.9  
208	42.8  
211	42.8  
214	42.8  
217	42.8  
220	42.8  
224	42.8  
227	42.9  
230	42.8  
234	42.9  
237	42.8  
240	42.9  
244	42.7  
247	42.8  
251	42.8  
255	42.9  
258	42.8  
262	42.9  
266	42.7  
270	42.9  
274	42.9  
278	42.8  
282	42.8  
286	42.9  
290	42.9  
294	42.8  
298	42.9  
303	42.9  
307	42.9  
312	42.8  
316	42.8  
321	42.8  
325	42.8  
330	42.8  
335	42.8  
340	42.9  
345	42.8  
350	43    
355	43    
360	42.8  
365	43    
371	42.9  
376	42.8  
382	42.9  
387	42.9  
393	42.9  
398	42.9  
404	42.9  
410	42.9  
416	42.9  
422	43    
428	43    
434	43.1  
441	43    
447	42.9  
454	43    
460	43    
467	42.9  
474	43    
481	42.9  
488	43    
495	43.1  
502	43.1  
509	43.1  
517	43    
524	43.1  
532	43.2  
540	43    
547	43.2  
555	43.2  
563	43    
572	43.2  
580	43.2  
588	43.1  
597	43.2  
606	43.2  
614	43.2  
623	43.2  
632	43.1  
642	43.2  
651	43.2  
660	43.2  
670	43.4  
680	43.2  
690	43.3  
700	43.3  
710	43.2  
720	43.3  
731	43.4  
741	43.5  
752	43.5  
763	43.4  
774	43.5  
785	43.4  
797	43.5  
808	43.4  
820	43.5  
832	43.5  
844	43.5  
856	43.5  
869	43.7  
882	43.6  
894	43.6  
907	43.6  
921	43.6  
934	43.7  
948	43.7  
961	43.7  
975	43.8  
990	43.9  
1004	43.8 
1019	43.9 
1033	43.9 
1048	43.9 
1064	43.9 
1079	43.9 
1095	44   
1111	44   
1127	44.1 
1143	44.1 
1160	44.1 
1177	44.3 
1194	44.2 
1211	44.2 
1229	44.2 
1247	44.3 
1265	44.5 
1283	44.5 
1302	44.6 
1321	44.6 
1340	44.5 
1360	44.7 
1379	44.6 
1399	44.7 
1420	44.8 
1440	44.8 
1461	45   
1483	44.9 
1504	45   
1526	45.1 
1548	45.3 
1571	45.3 
1594	45.4 
1617	45.5 
1640	45.4 
1664	45.6 
1688	45.7 
1713	45.8 
1738	45.8 
1763	45.9 
1789	46   
1815	46.2 
1841	46.3 
1868	46.2 
1895	46.4 
1923	46.5 
1951	46.7 
1979	46.8 
2008	46.9 
2037	47.1 
2067	47.3 
2097	47.4 
2127	47.5 
2158	47.8 
2190	47.9 
2221	48   
2254	48.3 
2287	48.4 
2320	48.6 
2354	48.8 
2388	49.1 
2423	49.3 
2458	49.5 
2494	49.7 
2530	50   
2567	50.3 
2604	50.6 
2642	50.9 
2680	51   
2719	51.4 
2759	51.6 
2799	51.8 
2840	52   
2881	52.2 
2923	52.2 
2965	52.2 
3008	52   
3052	51.7 
3097	51.3 
3142	51   
3187	50.4 
3234	50   
3281	49.6 
3328	49.4 
3377	49.4 
3426	49.5 
3476	49.9 
3526	50.2 
3578	50.5 
3630	50.9 
3682	51.1 
3736	51   
3790	51   
3846	50.7 
3901	50.4 
3958	50.1 
4016	49.9 
4074	49.6 
4133	49.2 
4194	49   
4255	48.6 
4316	48.4 
4379	48.1 
4443	47.8 
4508	47.5 
4573	47.3 
4640	47.3 
4707	47.1 
4776	46.9 
4845	47   
4916	46.9 
4987	46.9 
5060	46.8 
5133	46.7 
5208	46.5 
5284	46.3 
5360	46.2 
5438	46.5 
5518	46.6 
5598	46.8 
5679	46.8 
5762	46.7 
5846	46.2 
5931	45.9 
6017	45.6 
6104	45.2 
6193	44.8 
6283	44.5 
6375	44.2 
6467	44   
6561	43.8 
6657	43.5 
6754	43.3 
6852	42.9 
6952	43   
7053	43.2 
7155	43.3 
7259	43.3 
7365	43.1 
7472	43.1 
7581	43   
7691	43   
7803	42.9 
7916	43   
8032	42.6 
8148	42.4 
8267	42.5 
8387	42.8 
8509	42.7 
8633	42.6 
8758	42.7 
8886	42.7 
9015	42.9 
9146	42.8 
9279	42.8 
9414	42.9 
9551	43   
9690	42.8 
9831	42.6 
9974	42.4 
10119	42.1
10266	41.9
10416	42  
10567	42.2
10721	42.1
10877	42  
11035	41.9
11196	41.8
11358	41.8
11524	41.9
11691	41.8
11861	41.8
12034	41.8
12209	42  
12386	42  
12567	42  
12749	41.8
12935	41.6
13123	41.7
13314	41.7
13507	41.6
13704	41.5
13903	41.5
14105	41.5
14311	41.5
14519	41.6
14730	41.8
14944	41.7
15162	41.6
15382	41.4
15606	41.4
15833	41.3
16063	41.5
16297	41.4
16534	41.3
16774	41.4
17018	41.6
17266	41.5
17517	41.4
17772	41.2
18030	41.3
18293	41.2
18559	41.1
18829	41.2
19102	41.3
19380	41.4
20000	41.2
overall dB	0.0 dB
decay	Average
averaging	No Smoothing
source	Totally Made Up


saved	--/-/--, --:-- AM
peak	0.0Hz
