
Frequency	dB	Unweighted
19.5	47.3 
19.8	47.4 
20.1	47.5 
20.3	47.8 
20.6	47.8 
20.9	47.9 
21.2	48   
21.6	48   
21.9	48.1 
22.2	48.4 
22.5	48.5 
22.8	48.5 
23.2	48.7 
23.5	48.8 
23.8	48.8 
24.2	49   
24.5	49.1 
24.9	49.2 
25.3	49.3 
25.6	49.4 
26	49.5   
26.4	49.7 
26.8	49.8 
27.2	50   
27.5	50.1 
28	50.2   
28.4	50.4 
28.8	50.4 
29.2	50.6 
29.6	50.6 
30	50.7   
30.5	50.9 
30.9	51.2 
31.4	51.3 
31.8	51.3 
32.3	51.6 
32.8	51.6 
33.2	51.7 
33.7	51.9 
34.2	51.9 
34.7	52   
35.2	52.1 
35.7	52.4 
36.2	52.5 
36.8	52.5 
37.3	52.7 
37.9	52.7 
38.4	53   
39	52.9   
39.5	53.1 
40.1	53.2 
40.7	53.4 
41.3	53.5 
41.9	53.5 
42.5	53.8 
43.1	53.8 
43.7	53.9 
44.4	54   
45	54.1   
45.7	54.3 
46.3	54.3 
47	54.5   
47.7	54.5 
48.4	54.5 
49.1	54.7 
49.8	54.6 
50.5	54.8 
51.3	54.8 
52	55     
52.8	55   
53.5	55.1 
54.3	55.3 
55.1	55.3 
55.9	55.3 
56.7	55.4 
57.5	55.5 
58.4	55.4 
59.2	55.6 
60.1	55.5 
61	55.6   
61.8	55.7 
62.7	55.7 
63.7	55.8 
64.6	55.7 
65.5	55.8 
66.5	55.9 
67.4	55.8 
68.4	55.9 
69.4	55.9 
70.4	55.9 
71.5	55.8 
72.5	55.9 
73.5	55.8 
74.6	55.8 
75.7	55.8 
76.8	55.9 
77.9	55.9 
79.1	55.8 
80.2	55.9 
81.4	55.8 
82.6	55.8 
83.8	55.8 
85	55.8   
86.2	55.7 
87.5	55.8 
88.7	55.8 
90	55.7   
91.3	55.8 
92.7	55.7 
94	55.7   
95.4	55.6 
96.8	55.6 
98.2	55.6 
99.6	55.6 
101	55.6  
103	55.7  
104	55.5  
106	55.6  
107	55.5  
109	55.5  
110	55.6  
112	55.6  
113	55.5  
115	55.5  
117	55.4  
118	55.3  
120	55.4  
122	55.4  
124	55.4  
125	55.4  
127	55.4  
129	55.3  
131	55.3  
133	55.3  
135	55.3  
137	55.3  
139	55.2  
141	55.1  
143	55.1  
145	55.1  
147	55.1  
149	55.1  
151	55    
154	54.9  
156	54.9  
158	55    
160	55    
163	54.9  
165	54.9  
168	54.9  
170	54.8  
172	54.8  
175	54.7  
177	54.8  
180	54.7  
183	54.8  
185	54.7  
188	54.6  
191	54.7  
194	54.6  
196	54.6  
199	54.5  
202	54.5  
205	54.6  
208	54.4  
211	54.5  
214	54.5  
217	54.5  
220	54.4  
224	54.3  
227	54.3  
230	54.2  
234	54.2  
237	54.1  
240	54.3  
244	54.2  
247	54    
251	54    
255	54.1  
258	54.2  
262	54    
266	54.1  
270	53.9  
274	54    
278	53.9  
282	54    
286	54    
290	53.8  
294	53.8  
298	53.7  
303	53.8  
307	53.8  
312	53.7  
316	53.7  
321	53.7  
325	53.6  
330	53.6  
335	53.5  
340	53.6  
345	53.6  
350	53.5  
355	53.5  
360	53.5  
365	53.4  
371	53.5  
376	53.4  
382	53.3  
387	53.3  
393	53.3  
398	53.2  
404	53.3  
410	53.2  
416	53.3  
422	53.1  
428	53.2  
434	53.3  
441	53.1  
447	53.2  
454	53.1  
460	53.1  
467	53.1  
474	53    
481	53.1  
488	53.1  
495	53    
502	53    
509	53    
517	53    
524	53.1  
532	53    
540	53    
547	53    
555	52.9  
563	52.8  
572	53    
580	52.9  
588	52.9  
597	53    
606	52.9  
614	52.9  
623	52.8  
632	52.8  
642	52.9  
651	52.8  
660	52.9  
670	52.9  
680	52.9  
690	52.9  
700	52.9  
710	52.8  
720	52.9  
731	53    
741	52.9  
752	52.8  
763	53    
774	52.8  
785	52.9  
797	52.9  
808	53    
820	53    
832	52.9  
844	53    
856	52.9  
869	53    
882	53    
894	53.1  
907	53    
921	53.1  
934	53.1  
948	53    
961	53.1  
975	53.1  
990	53.1  
1004	53.1 
1019	53.2 
1033	53.3 
1048	53.3 
1064	53.3 
1079	53.3 
1095	53.3 
1111	53.3 
1127	53.5 
1143	53.5 
1160	53.5 
1177	53.5 
1194	53.5 
1211	53.7 
1229	53.6 
1247	53.7 
1265	53.7 
1283	53.8 
1302	53.8 
1321	54   
1340	54   
1360	54   
1379	54   
1399	54.1 
1420	54.2 
1440	54.2 
1461	54.3 
1483	54.4 
1504	54.5 
1526	54.4 
1548	54.5 
1571	54.7 
1594	54.8 
1617	54.9 
1640	55   
1664	55   
1688	55   
1713	55.2 
1738	55.2 
1763	55.3 
1789	55.4 
1815	55.6 
1841	55.6 
1868	55.8 
1895	56   
1923	56.1 
1951	56.2 
1979	56.3 
2008	56.4 
2037	56.6 
2067	56.8 
2097	56.9 
2127	57.1 
2158	57.2 
2190	57.4 
2221	57.6 
2254	57.8 
2287	58.1 
2320	58.3 
2354	58.4 
2388	58.8 
2423	58.9 
2458	59.2 
2494	59.5 
2530	59.7 
2567	60.1 
2604	60.3 
2642	60.7 
2680	61   
2719	61.3 
2759	61.6 
2799	61.8 
2840	62.2 
2881	62.4 
2923	62.7 
2965	62.9 
3008	62.8 
3052	62.9 
3097	62.8 
3142	62.8 
3187	62.5 
3234	62.1 
3281	61.6 
3328	61.2 
3377	60.7 
3426	60.2 
3476	59.8 
3526	59.4 
3578	59.1 
3630	59   
3682	59.1 
3736	59   
3790	59.1 
3846	59.1 
3901	59.1 
3958	59.2 
4016	59.1 
4074	58.8 
4133	58.7 
4194	58.5 
4255	58.2 
4316	57.9 
4379	57.5 
4443	57.4 
4508	57   
4573	56.9 
4640	56.5 
4707	56.3 
4776	56.1 
4845	56   
4916	55.8 
4987	55.6 
5060	55.3 
5133	55.2 
5208	54.9 
5284	54.4 
5360	53.9 
5438	53.6 
5518	53.2 
5598	53.1 
5679	53.3 
5762	53.6 
5846	53.7 
5931	54.1 
6017	54.1 
6104	54.3 
6193	54.2 
6283	54.2 
6375	54.3 
6467	54.4 
6561	54.4 
6657	54.1 
6754	53.8 
6852	53.4 
6952	52.9 
7053	52.4 
7155	52.2 
7259	52.1 
7365	52   
7472	51.8 
7581	51.4 
7691	51.2 
7803	50.9 
7916	50.6 
8032	50.3 
8148	49.8 
8267	49.2 
8387	48.9 
8509	49   
8633	49.1 
8758	48.9 
8886	48.7 
9015	48.6 
9146	48.3 
9279	47.7 
9414	47.4 
9551	47.4 
9690	47.5 
9831	47.4 
9974	47.2 
10119	47.1
10266	46.8
10416	46.5
10567	46.5
10721	46.9
10877	46.9
11035	46.9
11196	46.8
11358	46.3
11524	46.5
11691	46.6
11861	46.4
12034	46.3
12209	45.9
12386	46.1
12567	46.2
12749	46.2
12935	45.9
13123	46  
13314	46.2
13507	46.1
13704	45.7
13903	46  
14105	46.2
14311	46.1
14519	45.9
14730	46.3
14944	46.2
15162	45.7
15382	45.8
15606	45.9
15833	45.6
16063	45.8
16297	46  
16534	45.6
16774	45.9
17018	45.7
17266	45.9
17517	45.9
17772	45.7
18030	45.9
18293	45.4
18559	45.7
18829	45.4
19102	45.8
19380	45.6
20000	45.7
overall dB	0.0 dB
decay	Average
averaging	No Smoothing
source	Totally Made Up


saved	--/-/--, --:-- AM
peak	0.0Hz
