
Frequency	dB	Unweighted
19.5	48.5 
19.8	48.6 
20.1	48.7 
20.3	48.7 
20.6	48.9 
20.9	49.2 
21.2	49.2 
21.6	49.4 
21.9	49.6 
22.2	49.8 
22.5	49.8 
22.8	50   
23.2	50.1 
23.5	50.4 
23.8	50.4 
24.2	50.6 
24.5	50.7 
24.9	50.9 
25.3	51.1 
25.6	51.3 
26	51.6   
26.4	51.7 
26.8	51.9 
27.2	52   
27.5	52.3 
28	52.3   
28.4	52.6 
28.8	52.6 
29.2	52.9 
29.6	53   
30	53.2   
30.5	53.3 
30.9	53.5 
31.4	53.7 
31.8	53.9 
32.3	54.1 
32.8	54.3 
33.2	54.4 
33.7	54.5 
34.2	54.7 
34.7	54.9 
35.2	55.1 
35.7	55.2 
36.2	55.3 
36.8	55.5 
37.3	55.8 
37.9	55.9 
38.4	56.2 
39	56.3   
39.5	56.5 
40.1	56.5 
40.7	56.7 
41.3	57   
41.9	57   
42.5	57.1 
43.1	57.4 
43.7	57.4 
44.4	57.7 
45	57.8   
45.7	57.9 
46.3	57.9 
47	58.2   
47.7	58.3 
48.4	58.3 
49.1	58.6 
49.8	58.5 
50.5	58.7 
51.3	58.9 
52	59     
52.8	59.1 
53.5	59.1 
54.3	59.2 
55.1	59.4 
55.9	59.4 
56.7	59.5 
57.5	59.6 
58.4	59.7 
59.2	59.8 
60.1	59.8 
61	59.8   
61.8	60   
62.7	60   
63.7	60.1 
64.6	60.1 
65.5	60.2 
66.5	60.1 
67.4	60.1 
68.4	60.2 
69.4	60.2 
70.4	60.1 
71.5	60.3 
72.5	60.1 
73.5	60.3 
74.6	60.1 
75.7	60.2 
76.8	60.2 
77.9	60.2 
79.1	60.2 
80.2	60.1 
81.4	60.2 
82.6	60.1 
83.8	60.1 
85	60.2   
86.2	60.2 
87.5	60.1 
88.7	60   
90	60.1   
91.3	60   
92.7	60.2 
94	60.1   
95.4	60.1 
96.8	60.1 
98.2	60.1 
99.6	60   
101	60.1  
103	60.1  
104	60    
106	59.9  
107	59.9  
109	60    
110	59.9  
112	59.9  
113	59.9  
115	59.9  
117	59.9  
118	59.8  
120	60    
122	59.8  
124	59.9  
125	59.8  
127	59.8  
129	59.7  
131	59.7  
133	59.7  
135	59.8  
137	59.7  
139	59.8  
141	59.6  
143	59.7  
145	59.7  
147	59.6  
149	59.6  
151	59.7  
154	59.7  
156	59.6  
158	59.6  
160	59.6  
163	59.6  
165	59.4  
168	59.5  
170	59.5  
172	59.4  
175	59.4  
177	59.4  
180	59.4  
183	59.3  
185	59.5  
188	59.4  
191	59.2  
194	59.4  
196	59.3  
199	59.2  
202	59.2  
205	59.2  
208	59.2  
211	59.1  
214	59.2  
217	59.1  
220	59.1  
224	59.2  
227	59.2  
230	59.2  
234	59.1  
237	59    
240	59.1  
244	59    
247	58.9  
251	59    
255	58.9  
258	58.9  
262	59    
266	59    
270	58.9  
274	58.8  
278	58.9  
282	58.9  
286	58.7  
290	58.9  
294	58.8  
298	58.7  
303	58.8  
307	58.8  
312	58.6  
316	58.8  
321	58.7  
325	58.7  
330	58.6  
335	58.5  
340	58.6  
345	58.6  
350	58.5  
355	58.7  
360	58.5  
365	58.5  
371	58.5  
376	58.4  
382	58.5  
387	58.5  
393	58.6  
398	58.6  
404	58.5  
410	58.5  
416	58.4  
422	58.5  
428	58.3  
434	58.4  
441	58.3  
447	58.3  
454	58.3  
460	58.4  
467	58.3  
474	58.2  
481	58.3  
488	58.3  
495	58.3  
502	58.3  
509	58.2  
517	58.3  
524	58.3  
532	58.2  
540	58.3  
547	58.3  
555	58.3  
563	58.2  
572	58.2  
580	58.2  
588	58.2  
597	58.2  
606	58.2  
614	58.2  
623	58.3  
632	58.2  
642	58.2  
651	58.2  
660	58.2  
670	58.3  
680	58.3  
690	58.3  
700	58.3  
710	58.2  
720	58.3  
731	58.2  
741	58.3  
752	58.3  
763	58.2  
774	58.4  
785	58.3  
797	58.3  
808	58.3  
820	58.5  
832	58.5  
844	58.4  
856	58.5  
869	58.4  
882	58.5  
894	58.5  
907	58.6  
921	58.5  
934	58.5  
948	58.5  
961	58.6  
975	58.7  
990	58.6  
1004	58.7 
1019	58.7 
1033	58.8 
1048	58.7 
1064	58.8 
1079	58.9 
1095	58.9 
1111	58.9 
1127	58.9 
1143	59.1 
1160	59   
1177	59   
1194	59.2 
1211	59.1 
1229	59.2 
1247	59.2 
1265	59.4 
1283	59.4 
1302	59.4 
1321	59.4 
1340	59.5 
1360	59.6 
1379	59.7 
1399	59.8 
1420	59.7 
1440	59.8 
1461	59.8 
1483	59.9 
1504	60   
1526	60.1 
1548	60.1 
1571	60.3 
1594	60.4 
1617	60.4 
1640	60.4 
1664	60.7 
1688	60.6 
1713	60.8 
1738	60.9 
1763	60.9 
1789	61.1 
1815	61.2 
1841	61.3 
1868	61.4 
1895	61.5 
1923	61.7 
1951	61.9 
1979	61.9 
2008	62.1 
2037	62.2 
2067	62.3 
2097	62.5 
2127	62.8 
2158	63   
2190	63.1 
2221	63.4 
2254	63.5 
2287	63.8 
2320	64   
2354	64.2 
2388	64.3 
2423	64.6 
2458	65   
2494	65.2 
2530	65.4 
2567	65.8 
2604	66.1 
2642	66.3 
2680	66.6 
2719	67   
2759	67.3 
2799	67.5 
2840	67.6 
2881	68   
2923	68.1 
2965	68.2 
3008	68.3 
3052	68.5 
3097	68.3 
3142	68.3 
3187	68.3 
3234	68.2 
3281	68   
3328	67.9 
3377	67.7 
3426	67.6 
3476	67.5 
3526	67.4 
3578	67.4 
3630	67.2 
3682	67   
3736	66.8 
3790	66.6 
3846	66.4 
3901	66   
3958	65.6 
4016	65.3 
4074	64.9 
4133	64.6 
4194	64.4 
4255	64   
4316	63.7 
4379	63.3 
4443	63.2 
4508	62.9 
4573	62.6 
4640	62.5 
4707	62.4 
4776	62.4 
4845	62.3 
4916	62.4 
4987	62.4 
5060	62.4 
5133	62.5 
5208	62.6 
5284	62.6 
5360	62.7 
5438	62.9 
5518	63   
5598	63   
5679	62.9 
5762	62.5 
5846	62   
5931	61.6 
6017	61   
6104	60.5 
6193	60   
6283	59.6 
6375	59.3 
6467	59   
6561	58.7 
6657	58.4 
6754	58.1 
6852	58   
6952	57.9 
7053	57.9 
7155	57.8 
7259	57.7 
7365	57.4 
7472	57.2 
7581	57.1 
7691	57   
7803	56.8 
7916	56.5 
8032	56.3 
8148	56   
8267	55.9 
8387	55.8 
8509	55.8 
8633	55.6 
8758	55.5 
8886	55.5 
9015	55.5 
9146	55.4 
9279	55.3 
9414	55.3 
9551	55.2 
9690	54.8 
9831	54.4 
9974	54.2 
10119	53.9
10266	53.6
10416	53.6
10567	53.6
10721	53.5
10877	53.4
11035	53.3
11196	53.2
11358	53.2
11524	53.3
11691	53.3
11861	53.5
12034	53.5
12209	53.5
12386	53.6
12567	53.6
12749	53.4
12935	53  
13123	53  
13314	53.1
13507	53  
13704	52.8
13903	53  
14105	52.9
14311	52.9
14519	52.9
14730	53.2
14944	53.3
15162	53.1
15382	52.9
15606	52.9
15833	52.7
16063	52.8
16297	52.7
16534	52.6
16774	52.7
17018	53  
17266	53  
17517	52.7
17772	52.7
18030	52.7
18293	52.6
18559	52.5
18829	52.7
19102	52.8
19380	52.8
20000	52.5
overall dB	0.0 dB
decay	Average
averaging	No Smoothing
source	Totally Made Up


saved	--/-/--, --:-- AM
peak	0.0Hz
