
Frequency	dB	Unweighted
19.5	48   
19.8	48   
20.1	48.3 
20.3	48.2 
20.6	48.3 
20.9	48.5 
21.2	48.6 
21.6	48.8 
21.9	48.8 
22.2	48.9 
22.5	49.1 
22.8	49.2 
23.2	49.3 
23.5	49.6 
23.8	49.5 
24.2	49.7 
24.5	49.8 
24.9	50   
25.3	50.2 
25.6	50.3 
26	50.3   
26.4	50.5 
26.8	50.8 
27.2	50.7 
27.5	50.8 
28	51.1   
28.4	51.3 
28.8	51.4 
29.2	51.5 
29.6	51.7 
30	51.7   
30.5	51.9 
30.9	52.1 
31.4	52.3 
31.8	52.4 
32.3	52.5 
32.8	52.6 
33.2	52.7 
33.7	52.8 
34.2	53   
34.7	53   
35.2	53.3 
35.7	53.4 
36.2	53.4 
36.8	53.6 
37.3	53.7 
37.9	53.8 
38.4	54   
39	54.1   
39.5	54.3 
40.1	54.4 
40.7	54.6 
41.3	54.7 
41.9	54.7 
42.5	54.8 
43.1	55.1 
43.7	55.2 
44.4	55.1 
45	55.4   
45.7	55.4 
46.3	55.6 
47	55.6   
47.7	55.7 
48.4	55.8 
49.1	55.9 
49.8	56.1 
50.5	56.2 
51.3	56.3 
52	56.4   
52.8	56.4 
53.5	56.5 
54.3	56.5 
55.1	56.7 
55.9	56.7 
56.7	56.8 
57.5	56.9 
58.4	56.9 
59.2	57   
60.1	57   
61	57.1   
61.8	57.1 
62.7	57.1 
63.7	57.1 
64.6	57.3 
65.5	57.2 
66.5	57.3 
67.4	57.3 
68.4	57.3 
69.4	57.2 
70.4	57.4 
71.5	57.4 
72.5	57.2 
73.5	57.3 
74.6	57.2 
75.7	57.3 
76.8	57.2 
77.9	57.3 
79.1	57.3 
80.2	57.2 
81.4	57.3 
82.6	57.2 
83.8	57.1 
85	57.3   
86.2	57.2 
87.5	57.2 
88.7	57.1 
90	57.2   
91.3	57.1 
92.7	57.1 
94	57.1   
95.4	57   
96.8	57   
98.2	57.1 
99.6	57.1 
101	57    
103	57    
104	56.9  
106	57    
107	57    
109	57    
110	56.9  
112	56.9  
113	56.9  
115	56.9  
117	56.8  
118	56.7  
120	56.7  
122	56.8  
124	56.8  
125	56.7  
127	56.6  
129	56.7  
131	56.6  
133	56.6  
135	56.6  
137	56.5  
139	56.6  
141	56.5  
143	56.4  
145	56.4  
147	56.5  
149	56.4  
151	56.3  
154	56.3  
156	56.4  
158	56.2  
160	56.4  
163	56.3  
165	56.1  
168	56.2  
170	56.1  
172	56.1  
175	56.1  
177	56.1  
180	56.1  
183	56    
185	56    
188	55.8  
191	55.8  
194	55.9  
196	55.9  
199	55.9  
202	55.7  
205	55.7  
208	55.7  
211	55.7  
214	55.6  
217	55.6  
220	55.7  
224	55.5  
227	55.5  
230	55.5  
234	55.5  
237	55.5  
240	55.4  
244	55.4  
247	55.4  
251	55.4  
255	55.4  
258	55.2  
262	55.3  
266	55.3  
270	55.3  
274	55.1  
278	55.2  
282	55.2  
286	55.2  
290	55    
294	55    
298	54.9  
303	55    
307	55    
312	54.9  
316	54.8  
321	54.8  
325	54.9  
330	54.9  
335	54.7  
340	54.7  
345	54.8  
350	54.7  
355	54.8  
360	54.6  
365	54.7  
371	54.6  
376	54.5  
382	54.5  
387	54.5  
393	54.5  
398	54.4  
404	54.4  
410	54.5  
416	54.5  
422	54.3  
428	54.4  
434	54.3  
441	54.2  
447	54.3  
454	54.3  
460	54.2  
467	54.2  
474	54.2  
481	54.2  
488	54.1  
495	54.2  
502	54.2  
509	54.3  
517	54.1  
524	54.2  
532	54    
540	54.2  
547	54.1  
555	54    
563	54.1  
572	54.1  
580	54    
588	54.1  
597	54.1  
606	54    
614	54.1  
623	54    
632	54    
642	54    
651	54.1  
660	54    
670	54    
680	53.9  
690	54    
700	54    
710	54    
720	54    
731	54    
741	54.1  
752	54    
763	54    
774	54.1  
785	54.1  
797	54.1  
808	54.1  
820	54    
832	54.1  
844	54.1  
856	54.2  
869	54.3  
882	54.2  
894	54.2  
907	54.3  
921	54.3  
934	54.2  
948	54.3  
961	54.4  
975	54.4  
990	54.5  
1004	54.5 
1019	54.6 
1033	54.5 
1048	54.6 
1064	54.6 
1079	54.7 
1095	54.6 
1111	54.8 
1127	54.8 
1143	54.8 
1160	54.9 
1177	55   
1194	55   
1211	55   
1229	55.1 
1247	55.2 
1265	55.3 
1283	55.3 
1302	55.4 
1321	55.5 
1340	55.6 
1360	55.6 
1379	55.6 
1399	55.7 
1420	55.9 
1440	56   
1461	56.1 
1483	56.2 
1504	56.3 
1526	56.2 
1548	56.4 
1571	56.5 
1594	56.6 
1617	56.7 
1640	56.9 
1664	57   
1688	57.2 
1713	57.3 
1738	57.5 
1763	57.6 
1789	57.8 
1815	57.8 
1841	58.1 
1868	58.2 
1895	58.5 
1923	58.7 
1951	58.9 
1979	59.1 
2008	59.3 
2037	59.5 
2067	59.8 
2097	59.9 
2127	60.3 
2158	60.4 
2190	60.7 
2221	61.1 
2254	61.4 
2287	61.8 
2320	61.9 
2354	62.4 
2388	62.5 
2423	62.8 
2458	63.1 
2494	63.4 
2530	63.6 
2567	63.9 
2604	64   
2642	64.3 
2680	64.3 
2719	64.4 
2759	64.3 
2799	64.3 
2840	64.4 
2881	64.2 
2923	64   
2965	63.9 
3008	63.5 
3052	63.2 
3097	63   
3142	62.5 
3187	62.1 
3234	61.8 
3281	61.4 
3328	61   
3377	60.7 
3426	60.2 
3476	59.8 
3526	59.5 
3578	59.1 
3630	58.9 
3682	58.7 
3736	58.6 
3790	58.6 
3846	58.6 
3901	58.6 
3958	58.9 
4016	59   
4074	59.4 
4133	59.9 
4194	60.2 
4255	60.7 
4316	60.9 
4379	61.3 
4443	61.3 
4508	61.1 
4573	60.8 
4640	60.3 
4707	59.6 
4776	58.7 
4845	58   
4916	57.3 
4987	56.6 
5060	55.8 
5133	55.4 
5208	55.1 
5284	54.7 
5360	54.4 
5438	54.2 
5518	54.1 
5598	54   
5679	54   
5762	53.9 
5846	53.8 
5931	53.8 
6017	53.6 
6104	53.6 
6193	53.4 
6283	53.4 
6375	53.5 
6467	53.4 
6561	53.2 
6657	53.2 
6754	53.1 
6852	52.8 
6952	52.8 
7053	52.5 
7155	52.5 
7259	52.5 
7365	52.6 
7472	52.9 
7581	53   
7691	52.9 
7803	52.7 
7916	52.4 
8032	51.9 
8148	51.2 
8267	50.7 
8387	50.5 
8509	50.3 
8633	50.2 
8758	49.9 
8886	49.7 
9015	49.5 
9146	49.4 
9279	49.2 
9414	49.1 
9551	48.9 
9690	48.8 
9831	48.8 
9974	48.9 
10119	48.9
10266	49.1
10416	48.8
10567	48.5
10721	48.1
10877	48.1
11035	48  
11196	47.9
11358	48  
11524	47.8
11691	47.8
11861	47.9
12034	47.9
12209	47.9
12386	48.2
12567	48.3
12749	48  
12935	47.7
13123	47.8
13314	47.7
13507	47.7
13704	47.6
13903	47.6
14105	47.5
14311	47.9
14519	48.1
14730	47.7
14944	47.5
15162	47.6
15382	47.6
15606	47.5
15833	47.6
16063	47.6
16297	47.8
16534	47.8
16774	47.5
17018	47.4
17266	47.5
17517	47.5
17772	47.4
18030	47.7
18293	47.4
18559	47.3
18829	47.4
19102	47.4
19380	47.3
20000	47.3
overall dB	0.0 dB
decay	Average
averaging	No Smoothing
source	Totally Made Up


saved	--/-/--, --:-- AM
peak	0.0Hz
