
Frequency	dB	Unweighted
19.5	49.2 
19.8	49.3 
20.1	49.5 
20.3	49.6 
20.6	49.7 
20.9	49.9 
21.2	50.1 
21.6	50.2 
21.9	50.3 
22.2	50.5 
22.5	50.7 
22.8	50.9 
23.2	51   
23.5	51.2 
23.8	51.5 
24.2	51.5 
24.5	51.7 
24.9	52   
25.3	52.1 
25.6	52.4 
26	52.5   
26.4	52.5 
26.8	52.8 
27.2	53   
27.5	53.2 
28	53.3   
28.4	53.5 
28.8	53.8 
29.2	53.9 
29.6	54.2 
30	54.4   
30.5	54.4 
30.9	54.7 
31.4	54.8 
31.8	55   
32.3	55.2 
32.8	55.5 
33.2	55.6 
33.7	55.8 
34.2	56   
34.7	56   
35.2	56.2 
35.7	56.6 
36.2	56.7 
36.8	57   
37.3	57   
37.9	57.1 
38.4	57.3 
39	57.6   
39.5	57.7 
40.1	57.9 
40.7	58.1 
41.3	58.2 
41.9	58.4 
42.5	58.5 
43.1	58.7 
43.7	58.9 
44.4	59   
45	59.2   
45.7	59.4 
46.3	59.5 
47	59.6   
47.7	59.7 
48.4	59.8 
49.1	60   
49.8	60.2 
50.5	60.2 
51.3	60.4 
52	60.5   
52.8	60.7 
53.5	60.6 
54.3	60.7 
55.1	60.8 
55.9	61   
56.7	61.1 
57.5	61.1 
58.4	61.1 
59.2	61.2 
60.1	61.4 
61	61.5   
61.8	61.5 
62.7	61.5 
63.7	61.7 
64.6	61.7 
65.5	61.8 
66.5	61.7 
67.4	61.8 
68.4	61.8 
69.4	61.7 
70.4	61.8 
71.5	61.7 
72.5	61.8 
73.5	61.7 
74.6	61.7 
75.7	61.8 
76.8	61.9 
77.9	61.7 
79.1	61.8 
80.2	61.7 
81.4	61.7 
82.6	61.7 
83.8	61.7 
85	61.6   
86.2	61.7 
87.5	61.6 
88.7	61.7 
90	61.6   
91.3	61.6 
92.7	61.7 
94	61.7   
95.4	61.6 
96.8	61.7 
98.2	61.5 
99.6	61.6 
101	61.6  
103	61.5  
104	61.6  
106	61.6  
107	61.5  
109	61.6  
110	61.6  
112	61.5  
113	61.5  
115	61.5  
117	61.5  
118	61.4  
120	61.5  
122	61.4  
124	61.3  
125	61.3  
127	61.3  
129	61.3  
131	61.3  
133	61.2  
135	61.2  
137	61.3  
139	61.2  
141	61.1  
143	61.2  
145	61.2  
147	61.2  
149	61.1  
151	61    
154	61.1  
156	61    
158	61.1  
160	61.1  
163	61    
165	60.9  
168	61.1  
170	61    
172	60.9  
175	60.9  
177	60.9  
180	60.9  
183	60.9  
185	60.9  
188	60.9  
191	60.8  
194	60.8  
196	60.8  
199	60.8  
202	60.6  
205	60.7  
208	60.6  
211	60.6  
214	60.6  
217	60.6  
220	60.6  
224	60.5  
227	60.5  
230	60.5  
234	60.6  
237	60.5  
240	60.5  
244	60.5  
247	60.5  
251	60.4  
255	60.3  
258	60.3  
262	60.3  
266	60.3  
270	60.3  
274	60.3  
278	60.3  
282	60.1  
286	60.2  
290	60.1  
294	60.1  
298	60    
303	60.1  
307	60.1  
312	60.1  
316	60    
321	60.1  
325	60    
330	60    
335	59.9  
340	60    
345	59.9  
350	59.9  
355	60    
360	59.9  
365	59.9  
371	59.9  
376	59.8  
382	59.8  
387	59.7  
393	59.7  
398	59.6  
404	59.6  
410	59.7  
416	59.7  
422	59.7  
428	59.6  
434	59.7  
441	59.5  
447	59.6  
454	59.6  
460	59.6  
467	59.6  
474	59.6  
481	59.5  
488	59.6  
495	59.5  
502	59.6  
509	59.4  
517	59.4  
524	59.6  
532	59.6  
540	59.4  
547	59.5  
555	59.4  
563	59.4  
572	59.5  
580	59.3  
588	59.4  
597	59.4  
606	59.4  
614	59.4  
623	59.5  
632	59.4  
642	59.4  
651	59.4  
660	59.3  
670	59.4  
680	59.4  
690	59.4  
700	59.4  
710	59.4  
720	59.3  
731	59.4  
741	59.3  
752	59.3  
763	59.4  
774	59.3  
785	59.4  
797	59.3  
808	59.5  
820	59.4  
832	59.3  
844	59.5  
856	59.5  
869	59.5  
882	59.4  
894	59.5  
907	59.6  
921	59.5  
934	59.4  
948	59.5  
961	59.7  
975	59.6  
990	59.6  
1004	59.6 
1019	59.6 
1033	59.6 
1048	59.8 
1064	59.8 
1079	59.7 
1095	59.8 
1111	59.7 
1127	59.8 
1143	59.8 
1160	59.8 
1177	60   
1194	60   
1211	59.9 
1229	60.1 
1247	60.1 
1265	60   
1283	60.2 
1302	60.1 
1321	60.2 
1340	60.2 
1360	60.2 
1379	60.4 
1399	60.5 
1420	60.4 
1440	60.4 
1461	60.5 
1483	60.6 
1504	60.5 
1526	60.5 
1548	60.7 
1571	60.7 
1594	60.9 
1617	60.8 
1640	60.8 
1664	60.9 
1688	61   
1713	61   
1738	61.1 
1763	61.1 
1789	61.3 
1815	61.4 
1841	61.5 
1868	61.4 
1895	61.6 
1923	61.7 
1951	61.8 
1979	61.8 
2008	62   
2037	62.1 
2067	62.1 
2097	62.3 
2127	62.3 
2158	62.4 
2190	62.7 
2221	62.7 
2254	62.7 
2287	62.9 
2320	63.1 
2354	63.2 
2388	63.3 
2423	63.6 
2458	63.7 
2494	63.9 
2530	64   
2567	64.1 
2604	64.3 
2642	64.6 
2680	64.8 
2719	64.9 
2759	65.1 
2799	65.5 
2840	65.7 
2881	65.8 
2923	66.2 
2965	66.4 
3008	66.7 
3052	67   
3097	67.2 
3142	67.5 
3187	67.8 
3234	68.1 
3281	68.4 
3328	68.7 
3377	68.8 
3426	69   
3476	69.4 
3526	69.5 
3578	69.5 
3630	69.6 
3682	69.4 
3736	69.3 
3790	69.2 
3846	68.8 
3901	68.5 
3958	68   
4016	67.3 
4074	67   
4133	66.3 
4194	65.9 
4255	65.6 
4316	65.3 
4379	65.2 
4443	65.2 
4508	65.4 
4573	65.5 
4640	65.5 
4707	65.4 
4776	65.5 
4845	65.3 
4916	65.2 
4987	65   
5060	64.8 
5133	64.4 
5208	64.3 
5284	64   
5360	63.6 
5438	63.4 
5518	63.2 
5598	63   
5679	62.7 
5762	62.4 
5846	62.1 
5931	62   
6017	61.8 
6104	61.4 
6193	61.2 
6283	60.8 
6375	60.5 
6467	60.1 
6561	59.8 
6657	59.4 
6754	59.4 
6852	59.5 
6952	59.6 
7053	59.7 
7155	59.8 
7259	59.7 
7365	59.6 
7472	59.3 
7581	59.1 
7691	58.9 
7803	58.8 
7916	58.5 
8032	58.3 
8148	57.9 
8267	57.4 
8387	57.1 
8509	56.7 
8633	56.7 
8758	56.6 
8886	56.7 
9015	56.6 
9146	56.3 
9279	56.2 
9414	56.1 
9551	55.8 
9690	55.5 
9831	55.2 
9974	54.7 
10119	54.6
10266	54.7
10416	54.8
10567	54.8
10721	54.7
10877	54.6
11035	54.7
11196	54.3
11358	54.1
11524	54.3
11691	54.4
11861	54.5
12034	54.4
12209	54.4
12386	54.1
12567	53.8
12749	54  
12935	54.2
13123	54.1
13314	54.2
13507	53.9
13704	53.7
13903	53.9
14105	54.1
14311	54  
14519	53.8
14730	53.7
14944	54  
15162	54.1
15382	53.9
15606	53.6
15833	53.6
16063	53.8
16297	53.9
16534	53.6
16774	53.6
17018	53.7
17266	53.8
17517	53.4
17772	53.7
18030	53.7
18293	53.4
18559	53.5
18829	53.8
19102	53.5
19380	53.6
20000	53.3
overall dB	0.0 dB
decay	Average
averaging	No Smoothing
source	Totally Made Up


saved	--/-/--, --:-- AM
peak	0.0Hz
