
Frequency	dB	Unweighted
19.5	48.9 
19.8	48.9 
20.1	49.2 
20.3	49.2 
20.6	49.4 
20.9	49.5 
21.2	49.7 
21.6	49.8 
21.9	50.1 
22.2	50.1 
22.5	50.4 
22.8	50.5 
23.2	50.7 
23.5	50.8 
23.8	51.1 
24.2	51.3 
24.5	51.5 
24.9	51.6 
25.3	51.7 
25.6	51.9 
26	52.1   
26.4	52.4 
26.8	52.5 
27.2	52.7 
27.5	52.9 
28	53.1   
28.4	53.3 
28.8	53.4 
29.2	53.6 
29.6	53.7 
30	54     
30.5	54.3 
30.9	54.3 
31.4	54.5 
31.8	54.8 
32.3	54.9 
32.8	55   
33.2	55.3 
33.7	55.4 
34.2	55.7 
34.7	55.8 
35.2	56   
35.7	56.2 
36.2	56.4 
36.8	56.5 
37.3	56.7 
37.9	56.8 
38.4	57.1 
39	57.3   
39.5	57.5 
40.1	57.6 
40.7	57.7 
41.3	57.9 
41.9	58.2 
42.5	58.3 
43.1	58.4 
43.7	58.6 
44.4	58.7 
45	58.8   
45.7	59   
46.3	59.2 
47	59.3   
47.7	59.3 
48.4	59.5 
49.1	59.7 
49.8	59.9 
50.5	59.9 
51.3	60   
52	60.1   
52.8	60.3 
53.5	60.3 
54.3	60.5 
55.1	60.6 
55.9	60.7 
56.7	60.7 
57.5	60.9 
58.4	61   
59.2	61.1 
60.1	61.2 
61	61.1   
61.8	61.2 
62.7	61.3 
63.7	61.3 
64.6	61.4 
65.5	61.4 
66.5	61.4 
67.4	61.4 
68.4	61.5 
69.4	61.4 
70.4	61.4 
71.5	61.4 
72.5	61.5 
73.5	61.6 
74.6	61.6 
75.7	61.4 
76.8	61.4 
77.9	61.4 
79.1	61.5 
80.2	61.4 
81.4	61.4 
82.6	61.4 
83.8	61.4 
85	61.4   
86.2	61.5 
87.5	61.5 
88.7	61.4 
90	61.3   
91.3	61.3 
92.7	61.4 
94	61.2   
95.4	61.4 
96.8	61.3 
98.2	61.3 
99.6	61.3 
101	61.3  
103	61.3  
104	61.2  
106	61.1  
107	61.2  
109	61.1  
110	61.2  
112	61.1  
113	61    
115	61.1  
117	61    
118	61    
120	60.9  
122	61    
124	61    
125	60.9  
127	60.9  
129	60.8  
131	60.8  
133	60.9  
135	60.9  
137	60.7  
139	60.9  
141	60.8  
143	60.8  
145	60.7  
147	60.7  
149	60.6  
151	60.7  
154	60.7  
156	60.6  
158	60.6  
160	60.4  
163	60.5  
165	60.5  
168	60.4  
170	60.3  
172	60.4  
175	60.3  
177	60.4  
180	60.4  
183	60.4  
185	60.3  
188	60.2  
191	60.2  
194	60.2  
196	60.1  
199	60.1  
202	60    
205	60.1  
208	60.1  
211	60    
214	60    
217	60    
220	59.9  
224	59.9  
227	59.8  
230	59.8  
234	59.9  
237	59.8  
240	59.7  
244	59.7  
247	59.6  
251	59.7  
255	59.5  
258	59.7  
262	59.6  
266	59.6  
270	59.5  
274	59.6  
278	59.5  
282	59.4  
286	59.3  
290	59.4  
294	59.4  
298	59.4  
303	59.3  
307	59.4  
312	59.2  
316	59.2  
321	59.1  
325	59.1  
330	59.1  
335	59.1  
340	59.2  
345	59.1  
350	59.1  
355	59.1  
360	59.1  
365	58.9  
371	59    
376	58.8  
382	58.8  
387	59    
393	58.8  
398	58.8  
404	58.8  
410	58.7  
416	58.7  
422	58.7  
428	58.7  
434	58.6  
441	58.6  
447	58.6  
454	58.7  
460	58.6  
467	58.7  
474	58.5  
481	58.7  
488	58.5  
495	58.6  
502	58.4  
509	58.6  
517	58.5  
524	58.5  
532	58.4  
540	58.4  
547	58.5  
555	58.3  
563	58.4  
572	58.5  
580	58.3  
588	58.4  
597	58.3  
606	58.4  
614	58.4  
623	58.3  
632	58.4  
642	58.4  
651	58.4  
660	58.3  
670	58.4  
680	58.4  
690	58.3  
700	58.3  
710	58.4  
720	58.4  
731	58.5  
741	58.5  
752	58.4  
763	58.3  
774	58.3  
785	58.3  
797	58.3  
808	58.5  
820	58.5  
832	58.4  
844	58.4  
856	58.5  
869	58.5  
882	58.6  
894	58.5  
907	58.5  
921	58.5  
934	58.6  
948	58.6  
961	58.7  
975	58.7  
990	58.6  
1004	58.7 
1019	58.8 
1033	58.8 
1048	58.8 
1064	58.8 
1079	58.9 
1095	58.9 
1111	59   
1127	59.1 
1143	59.1 
1160	59.1 
1177	59.2 
1194	59.2 
1211	59.3 
1229	59.3 
1247	59.5 
1265	59.4 
1283	59.4 
1302	59.5 
1321	59.7 
1340	59.6 
1360	59.7 
1379	59.7 
1399	59.9 
1420	59.9 
1440	60.1 
1461	60   
1483	60.1 
1504	60.2 
1526	60.3 
1548	60.5 
1571	60.3 
1594	60.5 
1617	60.7 
1640	60.7 
1664	60.8 
1688	60.8 
1713	61.1 
1738	61.1 
1763	61.2 
1789	61.3 
1815	61.5 
1841	61.7 
1868	61.7 
1895	61.9 
1923	61.9 
1951	62.2 
1979	62.3 
2008	62.6 
2037	62.6 
2067	62.8 
2097	63   
2127	63.3 
2158	63.5 
2190	63.6 
2221	63.8 
2254	64.1 
2287	64.4 
2320	64.7 
2354	64.9 
2388	65   
2423	65.4 
2458	65.8 
2494	66   
2530	66.4 
2567	66.6 
2604	67   
2642	67.3 
2680	67.6 
2719	68   
2759	68.3 
2799	68.6 
2840	68.9 
2881	69.2 
2923	69.4 
2965	69.5 
3008	69.7 
3052	69.9 
3097	70   
3142	69.9 
3187	69.9 
3234	69.8 
3281	69.7 
3328	69.4 
3377	69.2 
3426	68.9 
3476	68.6 
3526	68.1 
3578	67.7 
3630	67.3 
3682	66.7 
3736	66.2 
3790	65.8 
3846	65.3 
3901	64.7 
3958	64.2 
4016	63.8 
4074	63.3 
4133	63   
4194	62.8 
4255	62.6 
4316	62.5 
4379	62.4 
4443	62.4 
4508	62.3 
4573	62.3 
4640	62.1 
4707	62   
4776	61.8 
4845	61.7 
4916	61.4 
4987	61.1 
5060	60.9 
5133	60.7 
5208	60.4 
5284	60.2 
5360	60.1 
5438	59.8 
5518	59.7 
5598	59.7 
5679	59.5 
5762	59.4 
5846	59.3 
5931	59.1 
6017	59   
6104	58.9 
6193	58.8 
6283	58.6 
6375	58.5 
6467	58.3 
6561	58.2 
6657	58   
6754	57.7 
6852	57.7 
6952	57.6 
7053	57.6 
7155	57.3 
7259	57.3 
7365	57.1 
7472	57.1 
7581	56.7 
7691	56.5 
7803	56.3 
7916	56   
8032	55.8 
8148	55.6 
8267	55.3 
8387	55.1 
8509	54.8 
8633	54.5 
8758	54.3 
8886	54.2 
9015	54   
9146	53.9 
9279	53.7 
9414	53.5 
9551	53.3 
9690	53.1 
9831	53   
9974	52.9 
10119	52.7
10266	52.4
10416	52.3
10567	52.1
10721	52.3
10877	52.2
11035	52  
11196	52.1
11358	52.1
11524	52  
11691	51.9
11861	51.9
12034	51.8
12209	51.8
12386	51.8
12567	51.9
12749	51.8
12935	51.7
13123	51.7
13314	51.7
13507	51.8
13704	51.6
13903	51.6
14105	51.5
14311	51.5
14519	51.5
14730	51.6
14944	51.5
15162	51.6
15382	51.5
15606	51.5
15833	51.5
16063	51.5
16297	51.4
16534	51.5
16774	51.4
17018	51.4
17266	51.5
17517	51.4
17772	51.3
18030	51.3
18293	51.3
18559	51.3
18829	51.3
19102	51.4
19380	51.3
20000	51.3
overall dB	0.0 dB
decay	Average
averaging	No Smoothing
source	Totally Made Up


saved	--/-/--, --:-- AM
peak	0.0Hz
