
Frequency	dB	Unweighted
19.5	47.5 
19.8	47.6 
20.1	47.7 
20.3	47.8 
20.6	48   
20.9	48.1 
21.2	48.2 
21.6	48.2 
21.9	48.3 
22.2	48.5 
22.5	48.6 
22.8	48.6 
23.2	48.7 
23.5	49   
23.8	49.1 
24.2	49.1 
24.5	49.2 
24.9	49.4 
25.3	49.6 
25.6	49.6 
26	49.9   
26.4	50   
26.8	50   
27.2	50.1 
27.5	50.4 
28	50.4   
28.4	50.5 
28.8	50.7 
29.2	50.7 
29.6	50.9 
30	51     
30.5	51.3 
30.9	51.4 
31.4	51.5 
31.8	51.5 
32.3	51.6 
32.8	51.9 
33.2	51.9 
33.7	52.1 
34.2	52.2 
34.7	52.4 
35.2	52.4 
35.7	52.5 
36.2	52.8 
36.8	52.9 
37.3	52.8 
37.9	53   
38.4	53.1 
39	53.2   
39.5	53.3 
40.1	53.4 
40.7	53.7 
41.3	53.6 
41.9	53.8 
42.5	53.9 
43.1	54.1 
43.7	54.1 
44.4	54.2 
45	54.3   
45.7	54.4 
46.3	54.5 
47	54.7   
47.7	54.8 
48.4	54.8 
49.1	54.9 
49.8	55   
50.5	55   
51.3	55.1 
52	55.3   
52.8	55.3 
53.5	55.5 
54.3	55.4 
55.1	55.6 
55.9	55.6 
56.7	55.6 
57.5	55.6 
58.4	55.8 
59.2	55.9 
60.1	55.9 
61	55.8   
61.8	56   
62.7	56.1 
63.7	56   
64.6	56   
65.5	56.2 
66.5	56.2 
67.4	56.1 
68.4	56.2 
69.4	56.1 
70.4	56.2 
71.5	56.1 
72.5	56.2 
73.5	56.2 
74.6	56.2 
75.7	56.3 
76.8	56.1 
77.9	56.1 
79.1	56.1 
80.2	56.1 
81.4	56.2 
82.6	56.2 
83.8	56.2 
85	56.1   
86.2	56.1 
87.5	56.2 
88.7	56.1 
90	56.2   
91.3	56.1 
92.7	56   
94	56.1   
95.4	56   
96.8	56   
98.2	56   
99.6	55.9 
101	56.1  
103	56    
104	55.9  
106	55.9  
107	55.9  
109	56    
110	55.9  
112	55.9  
113	55.8  
115	55.9  
117	55.8  
118	55.9  
120	55.8  
122	55.7  
124	55.8  
125	55.8  
127	55.7  
129	55.7  
131	55.8  
133	55.7  
135	55.7  
137	55.6  
139	55.7  
141	55.7  
143	55.6  
145	55.6  
147	55.7  
149	55.5  
151	55.5  
154	55.6  
156	55.6  
158	55.6  
160	55.4  
163	55.5  
165	55.4  
168	55.4  
170	55.5  
172	55.5  
175	55.4  
177	55.4  
180	55.3  
183	55.4  
185	55.3  
188	55.2  
191	55.3  
194	55.2  
196	55.2  
199	55.1  
202	55.2  
205	55.2  
208	55.1  
211	55.2  
214	55.2  
217	55.2  
220	55.1  
224	55    
227	54.9  
230	55.1  
234	55.1  
237	55    
240	55    
244	54.9  
247	54.9  
251	54.8  
255	54.9  
258	54.9  
262	54.9  
266	54.8  
270	54.7  
274	54.8  
278	54.8  
282	54.7  
286	54.8  
290	54.7  
294	54.8  
298	54.7  
303	54.7  
307	54.6  
312	54.6  
316	54.6  
321	54.7  
325	54.6  
330	54.6  
335	54.4  
340	54.5  
345	54.6  
350	54.5  
355	54.5  
360	54.4  
365	54.5  
371	54.3  
376	54.3  
382	54.4  
387	54.4  
393	54.4  
398	54.4  
404	54.3  
410	54.4  
416	54.3  
422	54.2  
428	54.2  
434	54.3  
441	54.2  
447	54.2  
454	54.2  
460	54.3  
467	54.2  
474	54.2  
481	54.1  
488	54.1  
495	54.3  
502	54.2  
509	54.2  
517	54.1  
524	54.2  
532	54.2  
540	54.2  
547	54.2  
555	54.1  
563	54.1  
572	54.1  
580	54.1  
588	54.2  
597	54.1  
606	54    
614	54.1  
623	54.2  
632	54.2  
642	54.1  
651	54.1  
660	54.1  
670	54.1  
680	54.2  
690	54.1  
700	54.2  
710	54.2  
720	54.3  
731	54.3  
741	54.2  
752	54.2  
763	54.2  
774	54.1  
785	54.3  
797	54.3  
808	54.4  
820	54.2  
832	54.3  
844	54.3  
856	54.2  
869	54.4  
882	54.4  
894	54.4  
907	54.4  
921	54.5  
934	54.4  
948	54.5  
961	54.6  
975	54.6  
990	54.5  
1004	54.5 
1019	54.7 
1033	54.7 
1048	54.8 
1064	54.7 
1079	54.9 
1095	54.9 
1111	54.9 
1127	54.9 
1143	55   
1160	55   
1177	55.1 
1194	55.2 
1211	55.2 
1229	55.3 
1247	55.3 
1265	55.4 
1283	55.3 
1302	55.4 
1321	55.6 
1340	55.5 
1360	55.7 
1379	55.7 
1399	55.7 
1420	55.8 
1440	55.8 
1461	56   
1483	56   
1504	56.2 
1526	56.2 
1548	56.3 
1571	56.4 
1594	56.4 
1617	56.6 
1640	56.7 
1664	56.8 
1688	56.8 
1713	56.8 
1738	57   
1763	57.2 
1789	57.3 
1815	57.4 
1841	57.5 
1868	57.7 
1895	57.9 
1923	58   
1951	58.1 
1979	58.2 
2008	58.3 
2037	58.6 
2067	58.7 
2097	58.9 
2127	59.1 
2158	59.3 
2190	59.6 
2221	59.7 
2254	59.9 
2287	60.3 
2320	60.4 
2354	60.7 
2388	61.1 
2423	61.3 
2458	61.5 
2494	61.7 
2530	62   
2567	62.5 
2604	62.7 
2642	63.1 
2680	63.5 
2719	63.7 
2759	64.1 
2799	64.4 
2840	64.7 
2881	64.8 
2923	64.9 
2965	65   
3008	65   
3052	64.8 
3097	64.5 
3142	64.4 
3187	64   
3234	63.7 
3281	63.5 
3328	63.2 
3377	63.2 
3426	63.3 
3476	63.3 
3526	63.4 
3578	63.6 
3630	63.7 
3682	63.7 
3736	63.6 
3790	63.3 
3846	63   
3901	62.9 
3958	62.5 
4016	61.9 
4074	61.5 
4133	61.1 
4194	60.9 
4255	60.5 
4316	60.1 
4379	59.9 
4443	59.6 
4508	59.2 
4573	58.9 
4640	58.8 
4707	58.5 
4776	58.4 
4845	58.2 
4916	58.1 
4987	58.2 
5060	58   
5133	57.6 
5208	57.5 
5284	57.3 
5360	57.2 
5438	57.1 
5518	57.3 
5598	57.4 
5679	57.5 
5762	57.3 
5846	56.9 
5931	56.6 
6017	56.3 
6104	56   
6193	55.7 
6283	55.3 
6375	55.2 
6467	54.8 
6561	54.8 
6657	54.4 
6754	54   
6852	53.8 
6952	53.7 
7053	53.7 
7155	53.9 
7259	53.7 
7365	53.4 
7472	53.4 
7581	53.2 
7691	52.9 
7803	52.8 
7916	52.6 
8032	52.2 
8148	51.9 
8267	51.9 
8387	51.9 
8509	51.8 
8633	51.5 
8758	51.4 
8886	51.3 
9015	51.3 
9146	51.1 
9279	50.9 
9414	51   
9551	50.8 
9690	50.6 
9831	50.4 
9974	50.1 
10119	49.9
10266	49.6
10416	49.6
10567	49.7
10721	49.6
10877	49.6
11035	49.5
11196	49.3
11358	49.3
11524	49.4
11691	49.4
11861	49.4
12034	49.2
12209	49.5
12386	49.6
12567	49.5
12749	49.3
12935	49  
13123	49.2
13314	49  
13507	49  
13704	49  
13903	48.9
14105	49  
14311	49  
14519	49  
14730	49  
14944	49.1
15162	48.8
15382	48.8
15606	48.9
15833	48.8
16063	48.8
16297	48.7
16534	48.7
16774	48.7
17018	48.8
17266	48.7
17517	48.7
17772	48.7
18030	48.7
18293	48.6
18559	48.5
18829	48.6
19102	48.6
19380	48.7
20000	48.6
overall dB	0.0 dB
decay	Average
averaging	No Smoothing
source	Totally Made Up


saved	--/-/--, --:-- AM
peak	0.0Hz
