
Frequency	dB	Unweighted
19.5	46.9 
19.8	46.9 
20.1	47   
20.3	47.2 
20.6	47.4 
20.9	47.5 
21.2	47.6 
21.6	47.8 
21.9	47.8 
22.2	48   
22.5	48.1 
22.8	48.2 
23.2	48.3 
23.5	48.4 
23.8	48.6 
24.2	48.8 
24.5	48.9 
24.9	49   
25.3	49.1 
25.6	49.2 
26	49.4   
26.4	49.5 
26.8	49.7 
27.2	49.8 
27.5	50   
28	50.2   
28.4	50.3 
28.8	50.4 
29.2	50.6 
29.6	50.7 
30	50.8   
30.5	50.9 
30.9	51.1 
31.4	51.2 
31.8	51.5 
32.3	51.5 
32.8	51.8 
33.2	51.9 
33.7	52   
34.2	52.2 
34.7	52.4 
35.2	52.4 
35.7	52.6 
36.2	52.7 
36.8	52.9 
37.3	52.9 
37.9	53.1 
38.4	53.3 
39	53.4   
39.5	53.4 
40.1	53.5 
40.7	53.7 
41.3	53.8 
41.9	54   
42.5	54   
43.1	54.3 
43.7	54.4 
44.4	54.4 
45	54.6   
45.7	54.7 
46.3	54.9 
47	54.9   
47.7	54.9 
48.4	55.1 
49.1	55.2 
49.8	55.2 
50.5	55.4 
51.3	55.6 
52	55.7   
52.8	55.6 
53.5	55.7 
54.3	55.9 
55.1	55.8 
55.9	56   
56.7	56.1 
57.5	56.1 
58.4	56.1 
59.2	56.3 
60.1	56.4 
61	56.3   
61.8	56.5 
62.7	56.5 
63.7	56.5 
64.6	56.5 
65.5	56.6 
66.5	56.6 
67.4	56.6 
68.4	56.6 
69.4	56.7 
70.4	56.6 
71.5	56.6 
72.5	56.6 
73.5	56.6 
74.6	56.7 
75.7	56.6 
76.8	56.5 
77.9	56.6 
79.1	56.6 
80.2	56.6 
81.4	56.6 
82.6	56.6 
83.8	56.5 
85	56.7   
86.2	56.5 
87.5	56.6 
88.7	56.5 
90	56.5   
91.3	56.6 
92.7	56.6 
94	56.4   
95.4	56.4 
96.8	56.5 
98.2	56.5 
99.6	56.5 
101	56.4  
103	56.4  
104	56.4  
106	56.5  
107	56.3  
109	56.4  
110	56.4  
112	56.4  
113	56.3  
115	56.4  
117	56.3  
118	56.4  
120	56.2  
122	56.4  
124	56.3  
125	56.2  
127	56.3  
129	56.3  
131	56.2  
133	56.3  
135	56.2  
137	56.1  
139	56.1  
141	56.2  
143	56.1  
145	56.1  
147	56.1  
149	56.1  
151	56.1  
154	56.1  
156	56    
158	56.1  
160	56    
163	56    
165	55.9  
168	55.9  
170	56    
172	55.8  
175	55.8  
177	55.8  
180	55.9  
183	55.8  
185	55.7  
188	55.8  
191	55.8  
194	55.7  
196	55.8  
199	55.7  
202	55.6  
205	55.7  
208	55.6  
211	55.7  
214	55.7  
217	55.7  
220	55.6  
224	55.5  
227	55.5  
230	55.6  
234	55.4  
237	55.6  
240	55.4  
244	55.4  
247	55.4  
251	55.5  
255	55.4  
258	55.3  
262	55.3  
266	55.3  
270	55.2  
274	55.4  
278	55.2  
282	55.2  
286	55.2  
290	55.2  
294	55.3  
298	55.1  
303	55.3  
307	55.2  
312	55.1  
316	55.2  
321	55.1  
325	55.2  
330	55.1  
335	55.1  
340	55.1  
345	55.1  
350	55.1  
355	55    
360	55.1  
365	54.9  
371	54.9  
376	55    
382	55    
387	55    
393	54.9  
398	54.9  
404	54.9  
410	54.9  
416	54.8  
422	54.9  
428	54.7  
434	54.9  
441	54.9  
447	54.9  
454	54.8  
460	54.8  
467	54.7  
474	54.7  
481	54.8  
488	54.8  
495	54.8  
502	54.8  
509	54.7  
517	54.7  
524	54.6  
532	54.8  
540	54.7  
547	54.7  
555	54.7  
563	54.7  
572	54.7  
580	54.8  
588	54.7  
597	54.8  
606	54.7  
614	54.7  
623	54.7  
632	54.7  
642	54.7  
651	54.7  
660	54.7  
670	54.7  
680	54.7  
690	54.7  
700	54.7  
710	54.8  
720	54.6  
731	54.8  
741	54.8  
752	54.8  
763	54.7  
774	54.8  
785	54.7  
797	54.9  
808	54.8  
820	54.9  
832	54.9  
844	55    
856	55    
869	55    
882	55.1  
894	54.9  
907	55.1  
921	55    
934	55.1  
948	55.1  
961	55.1  
975	55.2  
990	55.3  
1004	55.2 
1019	55.2 
1033	55.4 
1048	55.2 
1064	55.4 
1079	55.4 
1095	55.4 
1111	55.5 
1127	55.4 
1143	55.5 
1160	55.7 
1177	55.6 
1194	55.6 
1211	55.9 
1229	55.8 
1247	55.8 
1265	55.9 
1283	55.9 
1302	56   
1321	56.1 
1340	56.1 
1360	56.3 
1379	56.4 
1399	56.4 
1420	56.4 
1440	56.5 
1461	56.6 
1483	56.6 
1504	56.8 
1526	56.9 
1548	57   
1571	57.2 
1594	57.2 
1617	57.3 
1640	57.4 
1664	57.5 
1688	57.5 
1713	57.8 
1738	57.9 
1763	58   
1789	58.1 
1815	58.3 
1841	58.4 
1868	58.5 
1895	58.8 
1923	58.8 
1951	59.1 
1979	59.2 
2008	59.4 
2037	59.6 
2067	59.8 
2097	60   
2127	60.3 
2158	60.5 
2190	60.8 
2221	61   
2254	61.1 
2287	61.4 
2320	61.6 
2354	61.7 
2388	61.7 
2423	61.5 
2458	61.5 
2494	61.1 
2530	60.6 
2567	60.1 
2604	59.6 
2642	58.9 
2680	58.3 
2719	58   
2759	58   
2799	58.4 
2840	59   
2881	60   
2923	61.2 
2965	62.2 
3008	63.2 
3052	63.9 
3097	64.4 
3142	64.6 
3187	64.7 
3234	64.5 
3281	64.2 
3328	63.9 
3377	63.5 
3426	63.2 
3476	62.7 
3526	62.5 
3578	61.9 
3630	61.5 
3682	61.3 
3736	60.9 
3790	60.6 
3846	60.2 
3901	59.8 
3958	59.4 
4016	58.9 
4074	58.1 
4133	57.3 
4194	56.3 
4255	55.7 
4316	55.5 
4379	55.6 
4443	56.3 
4508	56.6 
4573	56.8 
4640	56.9 
4707	56.8 
4776	56.7 
4845	56.5 
4916	56.3 
4987	56.3 
5060	56.1 
5133	55.7 
5208	55.4 
5284	54.6 
5360	53.9 
5438	53.8 
5518	54.3 
5598	54.8 
5679	55.1 
5762	55   
5846	55   
5931	55   
6017	54.8 
6104	54.5 
6193	53.9 
6283	53.3 
6375	53.3 
6467	53.9 
6561	54.2 
6657	54.3 
6754	54.2 
6852	54.1 
6952	53.7 
7053	52.8 
7155	52.8 
7259	53.4 
7365	53.8 
7472	53.8 
7581	53.8 
7691	53.6 
7803	53   
7916	53.4 
8032	54.1 
8148	54.4 
8267	54.5 
8387	54.3 
8509	53.8 
8633	54.3 
8758	54.5 
8886	54.2 
9015	53.5 
9146	52.6 
9279	52.9 
9414	52.5 
9551	51.7 
9690	50.7 
9831	50.8 
9974	50.7 
10119	50  
10266	49.2
10416	49.6
10567	49.5
10721	48.7
10877	48.9
11035	49.2
11196	48.5
11358	48.7
11524	49  
11691	48.5
11861	48.8
12034	48.9
12209	48.3
12386	48.8
12567	48.4
12749	48.7
12935	48.8
13123	48.4
13314	48.7
13507	48.3
13704	48.9
13903	48.4
14105	49.1
14311	48.8
14519	49.3
14730	49.4
14944	49.5
15162	49.7
15382	49.1
15606	49.5
15833	49  
16063	48.5
16297	48.6
16534	48.6
16774	48  
17018	48.2
17266	48.4
17517	48.3
17772	48.1
18030	47.9
18293	48  
18559	48.3
18829	48.3
19102	48.5
19380	48.7
20000	48.9
overall dB	0.0 dB
decay	Average
averaging	No Smoothing
source	Totally Made Up


saved	--/-/--, --:-- AM
peak	0.0Hz
