
Frequency	dB	Unweighted
19.5	48.8 
19.8	48.8 
20.1	48.9 
20.3	49   
20.6	49.2 
20.9	49.3 
21.2	49.5 
21.6	49.5 
21.9	49.6 
22.2	49.8 
22.5	50   
22.8	50   
23.2	50.1 
23.5	50.2 
23.8	50.4 
24.2	50.6 
24.5	50.8 
24.9	50.9 
25.3	51   
25.6	51.1 
26	51.2   
26.4	51.4 
26.8	51.6 
27.2	51.7 
27.5	51.8 
28	51.9   
28.4	52.1 
28.8	52.3 
29.2	52.3 
29.6	52.5 
30	52.6   
30.5	52.7 
30.9	52.9 
31.4	53.1 
31.8	53.2 
32.3	53.3 
32.8	53.5 
33.2	53.6 
33.7	53.6 
34.2	53.8 
34.7	53.9 
35.2	54.2 
35.7	54.2 
36.2	54.3 
36.8	54.6 
37.3	54.7 
37.9	54.9 
38.4	54.9 
39	55     
39.5	55.2 
40.1	55.2 
40.7	55.5 
41.3	55.5 
41.9	55.8 
42.5	55.7 
43.1	55.9 
43.7	56   
44.4	56.2 
45	56.3   
45.7	56.4 
46.3	56.4 
47	56.5   
47.7	56.7 
48.4	56.7 
49.1	56.9 
49.8	57   
50.5	57.1 
51.3	57.1 
52	57.3   
52.8	57.2 
53.5	57.4 
54.3	57.4 
55.1	57.6 
55.9	57.7 
56.7	57.7 
57.5	57.7 
58.4	57.8 
59.2	57.9 
60.1	58   
61	58     
61.8	57.9 
62.7	58.1 
63.7	58.2 
64.6	58.1 
65.5	58.1 
66.5	58.3 
67.4	58.3 
68.4	58.3 
69.4	58.2 
70.4	58.2 
71.5	58.2 
72.5	58.2 
73.5	58.2 
74.6	58.2 
75.7	58.2 
76.8	58.2 
77.9	58.2 
79.1	58.1 
80.2	58.1 
81.4	58.2 
82.6	58.1 
83.8	58.1 
85	58.1   
86.2	58.1 
87.5	58.2 
88.7	58.2 
90	58.1   
91.3	58.1 
92.7	58   
94	58.1   
95.4	58.1 
96.8	58.1 
98.2	58   
99.6	57.9 
101	58.1  
103	58    
104	58.1  
106	58    
107	57.9  
109	58    
110	57.8  
112	58    
113	57.9  
115	57.9  
117	57.8  
118	57.8  
120	57.8  
122	57.7  
124	57.8  
125	57.7  
127	57.7  
129	57.8  
131	57.7  
133	57.8  
135	57.6  
137	57.6  
139	57.6  
141	57.6  
143	57.7  
145	57.5  
147	57.6  
149	57.4  
151	57.6  
154	57.5  
156	57.4  
158	57.4  
160	57.5  
163	57.4  
165	57.4  
168	57.4  
170	57.3  
172	57.4  
175	57.3  
177	57.3  
180	57.3  
183	57.1  
185	57.2  
188	57.2  
191	57.1  
194	57.1  
196	57.2  
199	57    
202	57.1  
205	57    
208	56.9  
211	57    
214	56.9  
217	57    
220	56.9  
224	56.8  
227	56.9  
230	56.8  
234	56.8  
237	56.7  
240	56.6  
244	56.6  
247	56.7  
251	56.7  
255	56.6  
258	56.7  
262	56.6  
266	56.6  
270	56.6  
274	56.6  
278	56.4  
282	56.4  
286	56.3  
290	56.3  
294	56.5  
298	56.5  
303	56.4  
307	56.2  
312	56.2  
316	56.3  
321	56.3  
325	56.2  
330	56.1  
335	56.2  
340	56.1  
345	56.2  
350	56.2  
355	56    
360	56.1  
365	56.1  
371	56    
376	56.1  
382	55.9  
387	55.9  
393	56    
398	55.9  
404	55.9  
410	55.9  
416	55.8  
422	55.8  
428	55.9  
434	55.9  
441	55.7  
447	55.7  
454	55.8  
460	55.7  
467	55.7  
474	55.7  
481	55.8  
488	55.7  
495	55.6  
502	55.8  
509	55.6  
517	55.6  
524	55.6  
532	55.7  
540	55.6  
547	55.7  
555	55.6  
563	55.6  
572	55.5  
580	55.5  
588	55.6  
597	55.5  
606	55.5  
614	55.6  
623	55.5  
632	55.5  
642	55.6  
651	55.5  
660	55.5  
670	55.5  
680	55.5  
690	55.6  
700	55.5  
710	55.5  
720	55.6  
731	55.5  
741	55.5  
752	55.6  
763	55.6  
774	55.6  
785	55.6  
797	55.5  
808	55.6  
820	55.5  
832	55.6  
844	55.7  
856	55.7  
869	55.5  
882	55.5  
894	55.6  
907	55.7  
921	55.7  
934	55.7  
948	55.7  
961	55.8  
975	55.7  
990	55.8  
1004	55.8 
1019	55.9 
1033	55.7 
1048	55.8 
1064	55.8 
1079	55.8 
1095	55.9 
1111	56   
1127	56.1 
1143	56   
1160	56   
1177	56   
1194	56.1 
1211	56.2 
1229	56.1 
1247	56.2 
1265	56.3 
1283	56.3 
1302	56.4 
1321	56.3 
1340	56.4 
1360	56.4 
1379	56.4 
1399	56.5 
1420	56.5 
1440	56.7 
1461	56.6 
1483	56.7 
1504	56.7 
1526	56.8 
1548	56.8 
1571	56.9 
1594	56.9 
1617	57   
1640	57.1 
1664	57.2 
1688	57.2 
1713	57.3 
1738	57.3 
1763	57.3 
1789	57.4 
1815	57.6 
1841	57.5 
1868	57.6 
1895	57.8 
1923	57.8 
1951	58   
1979	57.9 
2008	58   
2037	58.2 
2067	58.2 
2097	58.3 
2127	58.5 
2158	58.5 
2190	58.6 
2221	58.7 
2254	58.8 
2287	59   
2320	59.1 
2354	59.2 
2388	59.4 
2423	59.5 
2458	59.7 
2494	59.9 
2530	60   
2567	60.1 
2604	60.3 
2642	60.4 
2680	60.6 
2719	60.7 
2759	61   
2799	61.3 
2840	61.5 
2881	61.6 
2923	61.9 
2965	62.2 
3008	62.3 
3052	62.5 
3097	62.8 
3142	63.2 
3187	63.4 
3234	63.7 
3281	63.9 
3328	64.3 
3377	64.3 
3426	64.3 
3476	64.2 
3526	64.1 
3578	63.8 
3630	63.3 
3682	62.7 
3736	62.2 
3790	61.6 
3846	60.9 
3901	60.6 
3958	60.6 
4016	60.8 
4074	61.3 
4133	62.4 
4194	63.4 
4255	64.3 
4316	65.3 
4379	65.9 
4443	66.3 
4508	66.5 
4573	66.6 
4640	66.4 
4707	66   
4776	65.6 
4845	65.3 
4916	64.9 
4987	64.5 
5060	64.3 
5133	63.9 
5208	63.5 
5284	63   
5360	62.7 
5438	62.4 
5518	62.1 
5598	61.7 
5679	61.5 
5762	61   
5846	60.1 
5931	59.3 
6017	58.3 
6104	57.8 
6193	57.5 
6283	57.7 
6375	58.2 
6467	58.5 
6561	58.9 
6657	58.6 
6754	58.4 
6852	58   
6952	57.8 
7053	57.6 
7155	57.1 
7259	56.9 
7365	56.7 
7472	55.9 
7581	55.1 
7691	54.3 
7803	53.9 
7916	54.3 
8032	54.6 
8148	54.5 
8267	54.3 
8387	54   
8509	53.7 
8633	53.5 
8758	53.2 
8886	52.4 
9015	51.5 
9146	51.5 
9279	51.9 
9414	52.1 
9551	51.9 
9690	51.6 
9831	51.5 
9974	51.1 
10119	50.2
10266	50  
10416	50.5
10567	50.7
10721	50.5
10877	50.4
11035	50.3
11196	49.4
11358	49.7
11524	50  
11691	50.1
11861	50.1
12034	49.6
12209	49.2
12386	49.8
12567	49.9
12749	49.8
12935	49.4
13123	49  
13314	49.6
13507	49.6
13704	49.5
13903	48.9
14105	49.5
14311	49.4
14519	49.4
14730	48.9
14944	49.4
15162	49.3
15382	48.8
15606	49.1
15833	49.3
16063	48.9
16297	49.1
16534	49.1
16774	48.7
17018	49.1
17266	49.1
17517	48.6
17772	49.1
18030	48.8
18293	49.1
18559	49  
18829	48.7
19102	49  
19380	48.6
20000	48.7
overall dB	0.0 dB
decay	Average
averaging	No Smoothing
source	Totally Made Up


saved	--/-/--, --:-- AM
peak	0.0Hz
