

19.5	56.1878
19.8	56.1291
20.1	56.093
20.3	56.099
20.6	56.108
20.9	56.117
21.2	56.126
21.6	56.138
21.9	56.147
22.2	56.156
22.5	56.165
22.8	56.174
23.2	56.186
23.5	56.195
23.8	56.204
24.2	56.214
24.5	56.22
24.9	56.228
25.3	56.239
25.6	56.248
26	56.26
26.4	56.272
26.8	56.284
27.2	56.296
27.5	56.305
28	56.32
28.4	56.328
28.8	56.336
29.2	56.346
29.6	56.358
30	56.37
30.5	56.37
30.9	56.37
31.4	56.374
31.8	56.378
32.3	56.386
32.8	56.396
33.2	56.406
33.7	56.421
34.2	56.438
34.7	56.458
35.2	56.478
35.7	56.498
36.2	56.518
36.8	56.542
37.3	56.562
37.9	56.586
38.4	56.602
39	56.62
39.5	56.635
40.1	56.652
40.7	56.664
41.3	56.676
41.9	56.688
42.5	56.7
43.1	56.712
43.7	56.724
44.4	56.734
45	56.74
45.7	56.747
46.3	56.753
47	56.76
47.7	56.767
48.4	56.778
49.1	56.792
49.8	56.806
50.5	56.82
51.3	56.839
52	56.86
52.8	56.884
53.5	56.905
54.3	56.932
55.1	56.963
55.9	56.987
56.7	57.018
57.5	57.045
58.4	57.072
59.2	57.096
60.1	57.122
61	57.14
61.8	57.164
62.7	57.184
63.7	57.204
64.6	57.216
65.5	57.23
66.5	57.245
67.4	57.254
68.4	57.268
69.4	57.284
70.4	57.294
71.5	57.3
72.5	57.305
73.5	57.31
74.6	57.316
75.7	57.32
76.8	57.32
77.9	57.32
79.1	57.308
80.2	57.288
81.4	57.272
82.6	57.248
83.8	57.216
85	57.19
86.2	57.154
87.5	57.115
88.7	57.072
90	57.04
91.3	57.014
92.7	56.993
94	56.99
95.4	56.98
96.8	56.972
98.2	56.97
99.6	56.964
101	56.96
103	56.95
104	56.95
106	56.94
107	56.94
109	56.94
110	56.95
112	56.98
113	57.01
115	57.06
117	57.08
118	57.11
120	57.16
122	57.19
124	57.22
125	57.25
127	57.28
129	57.32
131	57.36
133	57.38
135	57.43
137	57.45
139	57.48
141	57.5
143	57.525
145	57.54
147	57.55
149	57.555
151	57.56
154	57.57
156	57.57
158	57.57
160	57.57
163	57.575
165	57.58
168	57.595
170	57.61
172	57.62
175	57.65
177	57.67
180	57.7
183	57.74
185	57.78
188	57.81
191	57.84
194	57.87
196	57.88
199	57.905
202	57.93
205	57.95
208	57.97
211	57.985
214	58.01
217	58.03
220	58.0533
224	58.075
227	58.09
230	58.1067
234	58.14
237	58.17
240	58.2
244	58.24
247	58.27
251	58.3
255	58.33
258	58.3533
262	58.3733
266	58.39
270	58.4067
274	58.42
278	58.4367
282	58.4567
286	58.49
290	58.53
294	58.58
298	58.6233
303	58.68
307	58.6933
312	58.71
316	58.72
321	58.74
325	58.74
330	58.78
335	58.82
340	58.865
345	58.92
350	58.97
355	59.005
360	59.0475
365	59.0833
371	59.115
376	59.1367
382	59.1725
387	59.19
393	59.21
398	59.23
404	59.2375
410	59.23
416	59.2225
422	59.22
428	59.22
434	59.23
441	59.252
447	59.27
454	59.302
460	59.32
467	59.334
474	59.33
481	59.336
488	59.33
495	59.31
502	59.304
509	59.29
517	59.29
524	59.31
532	59.335
540	59.38
547	59.4333
555	59.492
563	59.5567
572	59.606
580	59.6317
588	59.645
597	59.6533
606	59.6633
614	59.6686
623	59.67
632	59.6783
642	59.6886
651	59.7167
660	59.7533
670	59.7914
680	59.8457
690	59.9133
700	59.9757
710	60.0271
720	60.0575
731	60.0986
741	60.1271
752	60.14
763	60.155
774	60.1614
785	60.1638
797	60.1587
808	60.15
820	60.13
832	60.12
844	60.1112
856	60.11
869	60.11
882	60.11
894	60.1033
907	60.0989
921	60.0833
934	60.071
948	60.0744
961	60.079
975	60.074
990	60.089
1004	60.112
1019	60.164
1033	60.226
1048	60.2818
1064	60.3491
1079	60.4173
1095	60.4945
1111	60.5673
1127	60.6358
1143	60.7118
1160	60.8
1177	60.89
1194	60.9675
1211	61.0267
1229	61.0933
1247	61.1633
1265	61.2215
1283	61.26
1302	61.3092
1321	61.3477
1340	61.4043
1360	61.4808
1379	61.5629
1399	61.6486
1420	61.7386
1440	61.8186
1461	61.91
1483	61.9873
1504	62.0667
1526	62.168
1548	62.262
1571	62.375
1594	62.478
1617	62.5925
1640	62.7247
1664	62.8718
1688	63.0129
1713	63.15
1738	63.3118
1763	63.4924
1789	63.6983
1815	63.9233
1841	64.1372
1868	64.3779
1895	64.6168
1923	64.8737
1951	65.14
1979	65.4305
2008	65.73
2037	66.02
2067	66.329
2097	66.6067
2127	66.8924
2158	67.1609
2190	67.4143
2221	67.6405
2254	67.8674
2287	68.0713
2320	68.263
2354	68.4737
2388	68.6683
2423	68.8812
2458	69.0748
2494	69.2688
2530	69.43
2567	69.5848
2604	69.7315
2642	69.8662
2680	69.95
2719	70.0233
2759	70.0493
2799	70.0429
2840	70.0054
2881	69.9362
2923	69.8493
2965	69.725
3008	69.584
3052	69.3893
3097	69.1577
3142	68.93
3187	68.7553
3234	68.585
3281	68.39
3328	68.1688
3377	67.92
3426	67.6885
3476	67.4471
3526	67.23
3578	67.0017
3630	66.785
3682	66.5722
3736	66.3447
3790	66.1511
3846	66.0154
3901	65.9232
3958	65.824
4016	65.682
4074	65.4715
4133	65.2034
4194	64.9252
4255	64.6416
4316	64.3633
4379	64.0467
4443	63.7464
4508	63.4747
4573	63.2362
4640	63.033
4707	62.8891
4776	62.7636
4845	62.6283
4916	62.5018
4987	62.409
5060	62.3448
5133	62.3331
5208	62.3708
5284	62.4626
5360	62.6391
5438	62.8489
5518	63.1105
5598	63.4493
5679	63.8326
5762	64.2218
5846	64.5797
5931	64.8805
6017	65.1097
6104	65.2833
6193	65.3835
6283	65.3874
6375	65.3216
6467	65.1762
6561	64.9723
6657	64.6721
6754	64.3719
6852	64.0735
6952	63.7387
7053	63.3741
7155	62.9937
7259	62.6294
7365	62.3134
7472	62.0425
7581	61.8441
7691	61.7224
7803	61.7487
7916	61.9087
8032	62.2175
8148	62.6585
8267	63.2374
8387	63.948
8509	64.7371
8633	65.5534
8758	66.3153
8886	66.9617
9015	67.4556
9146	67.7263
9279	67.7492
9414	67.4849
9551	66.9245
9690	66.1378
9831	65.1681
9974	64.1092
10119	63.0112
10266	61.9345
10416	60.9201
10567	59.9915
10721	59.155
10877	58.4201
11035	57.8149
11196	57.2903
11358	56.7709
11524	56.2017
11691	55.5916
11861	54.9539
12034	54.3022
12209	53.6774
12386	53.1172
12567	52.6776
12749	52.3757
12935	52.25
13123	52.335
13314	52.6989
13507	53.273
13704	53.9536
13903	54.6591
14105	55.3101
14311	55.8582
14519	56.1194
14730	56.0123
14944	55.5212
15162	54.7391
15382	53.7254
15606	52.6178
15833	51.5771
16063	50.6882
16297	49.9349
16534	49.2263
16774	48.8482
17018	48.76
17266	48.9008
17517	49.0197
17772	48.947
18030	48.7618
18293	48.3579
18559	47.8065
18829	46.7578
19102	45.3993
19380	43.9583
20000	40.54
