
Frequency	dB	Unweighted
19.5	47.3 
19.8	47.5 
20.1	47.6 
20.3	47.7 
20.6	48   
20.9	48   
21.2	48.2 
21.6	48.3 
21.9	48.5 
22.2	48.7 
22.5	48.8 
22.8	49   
23.2	49   
23.5	49.2 
23.8	49.5 
24.2	49.5 
24.5	49.9 
24.9	50   
25.3	50.2 
25.6	50.3 
26	50.4   
26.4	50.6 
26.8	50.8 
27.2	51   
27.5	51.2 
28	51.4   
28.4	51.6 
28.8	51.6 
29.2	51.9 
29.6	52.1 
30	52.1   
30.5	52.3 
30.9	52.7 
31.4	52.8 
31.8	52.9 
32.3	53.1 
32.8	53.3 
33.2	53.5 
33.7	53.5 
34.2	53.8 
34.7	54.1 
35.2	54.2 
35.7	54.3 
36.2	54.5 
36.8	54.7 
37.3	54.9 
37.9	55   
38.4	55.1 
39	55.4   
39.5	55.4 
40.1	55.6 
40.7	55.9 
41.3	56   
41.9	56.1 
42.5	56.3 
43.1	56.5 
43.7	56.5 
44.4	56.6 
45	56.8   
45.7	57   
46.3	57.2 
47	57.3   
47.7	57.3 
48.4	57.5 
49.1	57.7 
49.8	57.7 
50.5	57.9 
51.3	58   
52	58.1   
52.8	58.2 
53.5	58.3 
54.3	58.4 
55.1	58.4 
55.9	58.5 
56.7	58.7 
57.5	58.8 
58.4	58.7 
59.2	58.8 
60.1	59   
61	59     
61.8	59.1 
62.7	59   
63.7	59.1 
64.6	59.2 
65.5	59.3 
66.5	59.2 
67.4	59.2 
68.4	59.3 
69.4	59.4 
70.4	59.3 
71.5	59.4 
72.5	59.4 
73.5	59.3 
74.6	59.4 
75.7	59.4 
76.8	59.3 
77.9	59.3 
79.1	59.3 
80.2	59.3 
81.4	59.3 
82.6	59.3 
83.8	59.2 
85	59.2   
86.2	59.3 
87.5	59.2 
88.7	59.2 
90	59.2   
91.3	59.1 
92.7	59.3 
94	59.1   
95.4	59.1 
96.8	59.1 
98.2	59.1 
99.6	59   
101	59    
103	59    
104	59.1  
106	59    
107	59.1  
109	59    
110	58.9  
112	59    
113	58.9  
115	58.8  
117	59    
118	58.8  
120	58.9  
122	58.7  
124	58.8  
125	58.7  
127	58.7  
129	58.7  
131	58.7  
133	58.6  
135	58.7  
137	58.6  
139	58.7  
141	58.6  
143	58.5  
145	58.5  
147	58.5  
149	58.4  
151	58.4  
154	58.5  
156	58.4  
158	58.3  
160	58.3  
163	58.3  
165	58.2  
168	58.2  
170	58.2  
172	58.1  
175	58.2  
177	58.2  
180	58.2  
183	58    
185	58    
188	58    
191	57.9  
194	57.9  
196	57.9  
199	57.9  
202	57.9  
205	57.8  
208	57.7  
211	57.8  
214	57.7  
217	57.7  
220	57.7  
224	57.6  
227	57.5  
230	57.6  
234	57.5  
237	57.6  
240	57.5  
244	57.5  
247	57.5  
251	57.4  
255	57.3  
258	57.3  
262	57.3  
266	57.4  
270	57.3  
274	57.3  
278	57.1  
282	57.2  
286	57    
290	57.2  
294	57.1  
298	57.1  
303	57    
307	57    
312	57    
316	56.9  
321	56.8  
325	56.8  
330	56.8  
335	56.8  
340	56.8  
345	56.7  
350	56.7  
355	56.7  
360	56.7  
365	56.7  
371	56.6  
376	56.7  
382	56.6  
387	56.6  
393	56.5  
398	56.5  
404	56.5  
410	56.5  
416	56.5  
422	56.5  
428	56.3  
434	56.3  
441	56.3  
447	56.4  
454	56.3  
460	56.2  
467	56.3  
474	56.3  
481	56.2  
488	56.1  
495	56.2  
502	56.3  
509	56.2  
517	56.1  
524	56.2  
532	56.1  
540	56    
547	56.1  
555	56    
563	56.1  
572	56.1  
580	56.1  
588	55.9  
597	55.9  
606	56    
614	55.9  
623	56    
632	55.9  
642	55.9  
651	55.9  
660	56    
670	56    
680	55.9  
690	55.9  
700	55.8  
710	55.8  
720	55.9  
731	55.9  
741	55.8  
752	55.9  
763	55.8  
774	55.9  
785	55.8  
797	55.8  
808	55.8  
820	55.9  
832	55.9  
844	56    
856	56    
869	55.9  
882	55.9  
894	55.8  
907	55.9  
921	55.9  
934	56    
948	56    
961	56    
975	56.1  
990	56    
1004	56   
1019	56.1 
1033	56   
1048	56.1 
1064	56   
1079	56   
1095	56.1 
1111	56.2 
1127	56.2 
1143	56.3 
1160	56.3 
1177	56.3 
1194	56.4 
1211	56.3 
1229	56.4 
1247	56.3 
1265	56.4 
1283	56.4 
1302	56.4 
1321	56.5 
1340	56.6 
1360	56.6 
1379	56.6 
1399	56.8 
1420	56.8 
1440	56.8 
1461	56.8 
1483	56.8 
1504	56.9 
1526	56.9 
1548	57   
1571	57   
1594	57.1 
1617	57.2 
1640	57.1 
1664	57.3 
1688	57.4 
1713	57.4 
1738	57.4 
1763	57.5 
1789	57.5 
1815	57.5 
1841	57.5 
1868	57.7 
1895	57.9 
1923	57.8 
1951	57.9 
1979	58.1 
2008	58.1 
2037	58.1 
2067	58.3 
2097	58.2 
2127	58.5 
2158	58.4 
2190	58.5 
2221	58.7 
2254	58.9 
2287	58.9 
2320	59.1 
2354	59.1 
2388	59.2 
2423	59.4 
2458	59.6 
2494	59.7 
2530	59.7 
2567	60   
2604	60.2 
2642	60.2 
2680	60.4 
2719	60.6 
2759	60.8 
2799	61.1 
2840	61.2 
2881	61.5 
2923	61.5 
2965	61.7 
3008	62   
3052	62.2 
3097	62.4 
3142	62.9 
3187	63.1 
3234	63.4 
3281	63.7 
3328	63.8 
3377	64.1 
3426	64.4 
3476	64.7 
3526	64.9 
3578	65.2 
3630	65.4 
3682	65.7 
3736	65.9 
3790	66   
3846	66.1 
3901	66.1 
3958	66   
4016	65.5 
4074	65.2 
4133	64.7 
4194	63.7 
4255	62.8 
4316	61.7 
4379	60.5 
4443	59.3 
4508	58.3 
4573	57.6 
4640	57.4 
4707	57.3 
4776	57.8 
4845	58.6 
4916	59.3 
4987	60.2 
5060	60.6 
5133	61   
5208	61.3 
5284	61.3 
5360	61.2 
5438	61   
5518	60.7 
5598	60.6 
5679	60.3 
5762	60.1 
5846	59.7 
5931	59.3 
6017	59.1 
6104	58.7 
6193	58.4 
6283	58.1 
6375	57.7 
6467	57.4 
6561	57   
6657	56.6 
6754	56.1 
6852	55.4 
6952	54.8 
7053	54.1 
7155	53.6 
7259	53.6 
7365	54.1 
7472	54.6 
7581	55.2 
7691	55.4 
7803	55.6 
7916	55.5 
8032	55.4 
8148	55.1 
8267	55   
8387	54.6 
8509	54.4 
8633	54.3 
8758	53.8 
8886	53.2 
9015	52.6 
9146	52.2 
9279	52.2 
9414	52.6 
9551	52.9 
9690	52.8 
9831	52.6 
9974	52.6 
10119	52.5
10266	52.2
10416	51.8
10567	51.2
10721	50.7
10877	50.7
11035	51.1
11196	51.3
11358	51.2
11524	51.4
11691	51.4
11861	51.3
12034	50.8
12209	50.8
12386	51.3
12567	51.5
12749	51.3
12935	51.3
13123	51.2
13314	50.7
13507	50.6
13704	51.1
13903	51.1
14105	50.9
14311	50.7
14519	50.3
14730	50.5
14944	51  
15162	51.1
15382	51  
15606	50.4
15833	50.8
16063	51  
16297	50.9
16534	50.4
16774	50.1
17018	50.6
17266	50.7
17517	50.4
17772	50.4
18030	50.8
18293	50.7
18559	50.2
18829	50.7
19102	50.5
19380	50  
20000	50.6
overall dB	0.0 dB
decay	Average
averaging	No Smoothing
source	Totally Made Up


saved	--/-/--, --:-- AM
peak	0.0Hz
