
Frequency	dB	Unweighted
19.5	47.9 
19.8	47.9 
20.1	48.1 
20.3	48.2 
20.6	48.4 
20.9	48.5 
21.2	48.5 
21.6	48.7 
21.9	48.8 
22.2	48.9 
22.5	48.9 
22.8	49.1 
23.2	49.3 
23.5	49.4 
23.8	49.5 
24.2	49.6 
24.5	49.7 
24.9	49.9 
25.3	50   
25.6	50.2 
26	50.3   
26.4	50.5 
26.8	50.5 
27.2	50.7 
27.5	50.9 
28	51     
28.4	51.2 
28.8	51.3 
29.2	51.4 
29.6	51.6 
30	51.7   
30.5	51.8 
30.9	52   
31.4	52.1 
31.8	52.2 
32.3	52.3 
32.8	52.5 
33.2	52.5 
33.7	52.8 
34.2	52.9 
34.7	52.9 
35.2	53.2 
35.7	53.2 
36.2	53.5 
36.8	53.4 
37.3	53.6 
37.9	53.8 
38.4	53.8 
39	54     
39.5	54.1 
40.1	54.2 
40.7	54.5 
41.3	54.5 
41.9	54.6 
42.5	54.7 
43.1	54.7 
43.7	54.9 
44.4	55   
45	55.2   
45.7	55.2 
46.3	55.3 
47	55.4   
47.7	55.5 
48.4	55.8 
49.1	55.8 
49.8	55.8 
50.5	56   
51.3	56   
52	56.2   
52.8	56.1 
53.5	56.3 
54.3	56.2 
55.1	56.3 
55.9	56.4 
56.7	56.6 
57.5	56.6 
58.4	56.6 
59.2	56.8 
60.1	56.8 
61	56.9   
61.8	56.8 
62.7	56.9 
63.7	57   
64.6	57   
65.5	56.9 
66.5	56.9 
67.4	57.1 
68.4	57   
69.4	57.2 
70.4	57   
71.5	57   
72.5	57.1 
73.5	57.1 
74.6	57.1 
75.7	57.1 
76.8	57   
77.9	57   
79.1	57   
80.2	56.9 
81.4	57   
82.6	57   
83.8	56.9 
85	56.9   
86.2	56.9 
87.5	57   
88.7	56.9 
90	57     
91.3	57   
92.7	56.9 
94	56.9   
95.4	56.9 
96.8	56.8 
98.2	56.8 
99.6	56.8 
101	56.7  
103	56.8  
104	56.8  
106	56.7  
107	56.7  
109	56.7  
110	56.7  
112	56.7  
113	56.7  
115	56.5  
117	56.6  
118	56.6  
120	56.6  
122	56.5  
124	56.6  
125	56.5  
127	56.4  
129	56.3  
131	56.4  
133	56.4  
135	56.5  
137	56.2  
139	56.4  
141	56.2  
143	56.3  
145	56.3  
147	56.1  
149	56.1  
151	56.2  
154	56.1  
156	56.1  
158	56.2  
160	56    
163	56    
165	56    
168	56    
170	56    
172	56    
175	56    
177	55.8  
180	55.7  
183	55.8  
185	55.7  
188	55.8  
191	55.8  
194	55.7  
196	55.6  
199	55.7  
202	55.5  
205	55.5  
208	55.5  
211	55.4  
214	55.5  
217	55.4  
220	55.5  
224	55.3  
227	55.4  
230	55.4  
234	55.3  
237	55.4  
240	55.2  
244	55.3  
247	55.2  
251	55.1  
255	55.1  
258	55.1  
262	55.1  
266	55    
270	54.9  
274	55    
278	54.8  
282	55    
286	54.9  
290	54.9  
294	54.9  
298	54.8  
303	54.8  
307	54.7  
312	54.7  
316	54.6  
321	54.7  
325	54.6  
330	54.6  
335	54.5  
340	54.5  
345	54.5  
350	54.4  
355	54.5  
360	54.5  
365	54.4  
371	54.4  
376	54.3  
382	54.3  
387	54.4  
393	54.3  
398	54.2  
404	54.1  
410	54.1  
416	54.1  
422	54.1  
428	54.2  
434	54.1  
441	54    
447	54.1  
454	54.1  
460	54.1  
467	54.1  
474	53.9  
481	54.1  
488	53.9  
495	54    
502	53.9  
509	53.9  
517	53.9  
524	53.9  
532	53.8  
540	53.8  
547	53.8  
555	53.9  
563	53.8  
572	53.7  
580	53.7  
588	53.7  
597	53.7  
606	53.8  
614	53.7  
623	53.7  
632	53.7  
642	53.7  
651	53.7  
660	53.8  
670	53.8  
680	53.8  
690	53.7  
700	53.6  
710	53.7  
720	53.6  
731	53.7  
741	53.7  
752	53.6  
763	53.6  
774	53.7  
785	53.7  
797	53.7  
808	53.7  
820	53.6  
832	53.8  
844	53.7  
856	53.6  
869	53.7  
882	53.7  
894	53.8  
907	53.7  
921	53.8  
934	53.8  
948	53.9  
961	53.9  
975	53.9  
990	53.8  
1004	53.8 
1019	53.8 
1033	53.9 
1048	54   
1064	53.9 
1079	53.9 
1095	54.1 
1111	54.1 
1127	54   
1143	54   
1160	54.2 
1177	54.1 
1194	54.2 
1211	54.2 
1229	54.2 
1247	54.2 
1265	54.3 
1283	54.3 
1302	54.4 
1321	54.5 
1340	54.6 
1360	54.6 
1379	54.7 
1399	54.7 
1420	54.8 
1440	54.8 
1461	54.7 
1483	54.7 
1504	54.8 
1526	55   
1548	54.9 
1571	55.1 
1594	55   
1617	55.1 
1640	55.1 
1664	55.3 
1688	55.4 
1713	55.3 
1738	55.4 
1763	55.5 
1789	55.6 
1815	55.6 
1841	55.7 
1868	55.8 
1895	56   
1923	55.9 
1951	56.1 
1979	56.1 
2008	56.2 
2037	56.4 
2067	56.4 
2097	56.6 
2127	56.7 
2158	56.8 
2190	57   
2221	57.1 
2254	57.1 
2287	57.2 
2320	57.3 
2354	57.5 
2388	57.5 
2423	57.7 
2458	57.9 
2494	58.1 
2530	58.3 
2567	58.5 
2604	58.5 
2642	58.7 
2680	58.9 
2719	59.2 
2759	59.3 
2799	59.6 
2840	59.8 
2881	60   
2923	60.3 
2965	60.6 
3008	60.8 
3052	61.1 
3097	61.4 
3142	61.8 
3187	62   
3234	62.4 
3281	62.6 
3328	62.9 
3377	63.3 
3426	63.6 
3476	63.9 
3526	64.2 
3578	64.4 
3630	64.7 
3682	65   
3736	65.2 
3790	65.4 
3846	65.5 
3901	65.5 
3958	65.3 
4016	65.2 
4074	64.8 
4133	64.1 
4194	63.4 
4255	62.5 
4316	61.5 
4379	60.6 
4443	59.5 
4508	58.7 
4573	58   
4640	57.6 
4707	57.6 
4776	57.8 
4845	58.2 
4916	58.8 
4987	59.3 
5060	59.7 
5133	60   
5208	60   
5284	60   
5360	59.9 
5438	59.8 
5518	59.4 
5598	59.1 
5679	58.7 
5762	58.5 
5846	58   
5931	57.8 
6017	57.4 
6104	57   
6193	56.6 
6283	56.2 
6375	55.7 
6467	55.1 
6561	54.8 
6657	54.3 
6754	53.9 
6852	53.2 
6952	52.4 
7053	51.9 
7155	51.4 
7259	51.5 
7365	52   
7472	52.6 
7581	53.2 
7691	53.5 
7803	53.5 
7916	53.3 
8032	53.2 
8148	53   
8267	52.8 
8387	52.5 
8509	52.3 
8633	52   
8758	51.7 
8886	51.1 
9015	50.4 
9146	49.9 
9279	50   
9414	50.5 
9551	50.6 
9690	50.4 
9831	50.2 
9974	50.1 
10119	49.9
10266	49.9
10416	49.5
10567	48.8
10721	48.2
10877	48.2
11035	48.6
11196	48.7
11358	48.8
11524	48.9
11691	48.9
11861	48.9
12034	48.4
12209	48.4
12386	48.9
12567	49  
12749	48.9
12935	48.9
13123	48.7
13314	48.2
13507	48.1
13704	48.6
13903	48.5
14105	48.2
14311	48.1
14519	47.8
14730	48  
14944	48.4
15162	48.5
15382	48.5
15606	47.9
15833	48.2
16063	48.4
16297	48.3
16534	47.9
16774	47.7
17018	47.9
17266	48  
17517	47.9
17772	47.9
18030	48.1
18293	48.1
18559	47.7
18829	48  
19102	47.8
19380	47.4
20000	48.1
overall dB	0.0 dB
decay	Average
averaging	No Smoothing
source	Totally Made Up


saved	--/-/--, --:-- AM
peak	0.0Hz
