
Frequency	dB	Unweighted
19.5	47.2 
19.8	47.3 
20.1	47.5 
20.3	47.6 
20.6	47.8 
20.9	47.8 
21.2	47.9 
21.6	48.1 
21.9	48.2 
22.2	48.4 
22.5	48.6 
22.8	48.7 
23.2	48.7 
23.5	49.1 
23.8	49.2 
24.2	49.3 
24.5	49.3 
24.9	49.7 
25.3	49.7 
25.6	49.9 
26	50.1   
26.4	50.3 
26.8	50.4 
27.2	50.5 
27.5	50.6 
28	50.8   
28.4	51   
28.8	51.1 
29.2	51.4 
29.6	51.6 
30	51.6   
30.5	51.8 
30.9	52   
31.4	52.2 
31.8	52.2 
32.3	52.5 
32.8	52.6 
33.2	52.8 
33.7	52.9 
34.2	53.2 
34.7	53.3 
35.2	53.4 
35.7	53.7 
36.2	53.7 
36.8	53.9 
37.3	53.9 
37.9	54.3 
38.4	54.3 
39	54.4   
39.5	54.6 
40.1	54.8 
40.7	54.9 
41.3	55.1 
41.9	55.2 
42.5	55.3 
43.1	55.5 
43.7	55.7 
44.4	55.8 
45	55.9   
45.7	56   
46.3	56.1 
47	56.3   
47.7	56.3 
48.4	56.4 
49.1	56.6 
49.8	56.6 
50.5	56.7 
51.3	56.9 
52	57     
52.8	57.1 
53.5	57.3 
54.3	57.4 
55.1	57.4 
55.9	57.5 
56.7	57.5 
57.5	57.6 
58.4	57.7 
59.2	57.8 
60.1	57.8 
61	57.8   
61.8	58   
62.7	58.1 
63.7	58.1 
64.6	58   
65.5	58   
66.5	58.1 
67.4	58.1 
68.4	58   
69.4	58.2 
70.4	58.2 
71.5	58.1 
72.5	58.2 
73.5	58.1 
74.6	58.2 
75.7	58.2 
76.8	58.1 
77.9	58.2 
79.1	58.2 
80.2	58.2 
81.4	58.1 
82.6	58.2 
83.8	58   
85	58.1   
86.2	58.1 
87.5	58.1 
88.7	58   
90	58     
91.3	58   
92.7	58   
94	57.9   
95.4	57.9 
96.8	57.9 
98.2	58   
99.6	58   
101	58    
103	58    
104	57.9  
106	57.9  
107	57.8  
109	57.7  
110	57.8  
112	57.7  
113	57.7  
115	57.7  
117	57.6  
118	57.8  
120	57.7  
122	57.6  
124	57.7  
125	57.6  
127	57.7  
129	57.5  
131	57.6  
133	57.5  
135	57.6  
137	57.5  
139	57.5  
141	57.3  
143	57.4  
145	57.5  
147	57.3  
149	57.3  
151	57.3  
154	57.3  
156	57.3  
158	57.3  
160	57.2  
163	57.2  
165	57.2  
168	57.1  
170	57.2  
172	57.1  
175	57.1  
177	57.1  
180	57    
183	56.9  
185	57    
188	56.9  
191	56.9  
194	56.8  
196	56.8  
199	56.8  
202	56.8  
205	56.7  
208	56.7  
211	56.7  
214	56.7  
217	56.7  
220	56.5  
224	56.6  
227	56.5  
230	56.6  
234	56.4  
237	56.4  
240	56.5  
244	56.4  
247	56.4  
251	56.4  
255	56.3  
258	56.3  
262	56.3  
266	56.3  
270	56.2  
274	56.3  
278	56.1  
282	56.2  
286	56.1  
290	56.2  
294	56    
298	56    
303	55.9  
307	55.9  
312	56    
316	55.9  
321	56    
325	55.8  
330	55.8  
335	55.9  
340	55.7  
345	55.8  
350	55.8  
355	55.7  
360	55.6  
365	55.7  
371	55.6  
376	55.7  
382	55.5  
387	55.5  
393	55.6  
398	55.5  
404	55.5  
410	55.5  
416	55.5  
422	55.4  
428	55.4  
434	55.5  
441	55.4  
447	55.4  
454	55.4  
460	55.3  
467	55.3  
474	55.3  
481	55.2  
488	55.3  
495	55.2  
502	55.3  
509	55.3  
517	55.2  
524	55.3  
532	55.2  
540	55.1  
547	55.3  
555	55.2  
563	55.2  
572	55.1  
580	55.1  
588	55.1  
597	55    
606	55.1  
614	55    
623	55.1  
632	55.1  
642	55.1  
651	55.1  
660	55.1  
670	55    
680	55.1  
690	55.1  
700	55.1  
710	55    
720	55.1  
731	55.1  
741	55.1  
752	55    
763	55    
774	55.1  
785	55.1  
797	55.1  
808	55    
820	55    
832	55.2  
844	55    
856	55.2  
869	55    
882	55.2  
894	55.1  
907	55.1  
921	55.1  
934	55.3  
948	55.1  
961	55.1  
975	55.2  
990	55.3  
1004	55.2 
1019	55.3 
1033	55.3 
1048	55.3 
1064	55.3 
1079	55.5 
1095	55.4 
1111	55.5 
1127	55.4 
1143	55.6 
1160	55.5 
1177	55.6 
1194	55.6 
1211	55.7 
1229	55.7 
1247	55.7 
1265	55.7 
1283	55.8 
1302	55.9 
1321	55.9 
1340	55.9 
1360	56   
1379	56   
1399	56.2 
1420	56.2 
1440	56.2 
1461	56.3 
1483	56.3 
1504	56.3 
1526	56.4 
1548	56.5 
1571	56.6 
1594	56.6 
1617	56.6 
1640	56.8 
1664	56.8 
1688	57   
1713	57   
1738	56.9 
1763	57   
1789	57.1 
1815	57.2 
1841	57.4 
1868	57.4 
1895	57.5 
1923	57.7 
1951	57.7 
1979	57.9 
2008	58   
2037	58   
2067	58.1 
2097	58.4 
2127	58.5 
2158	58.6 
2190	58.7 
2221	58.9 
2254	58.9 
2287	59.1 
2320	59.4 
2354	59.5 
2388	59.7 
2423	59.9 
2458	60.1 
2494	60.2 
2530	60.4 
2567	60.7 
2604	61   
2642	61.2 
2680	61.5 
2719	61.6 
2759	61.9 
2799	62.3 
2840	62.4 
2881	62.8 
2923	63.1 
2965	63.5 
3008	63.7 
3052	64   
3097	64.3 
3142	64.7 
3187	64.9 
3234	65.3 
3281	65.4 
3328	65.4 
3377	65.5 
3426	65.6 
3476	65.2 
3526	65.1 
3578	64.5 
3630	63.8 
3682	62.9 
3736	62   
3790	61   
3846	59.9 
3901	59   
3958	58.2 
4016	57.8 
4074	57.9 
4133	58.1 
4194	58.6 
4255	59.3 
4316	59.9 
4379	60.4 
4443	60.7 
4508	60.9 
4573	60.9 
4640	60.8 
4707	60.7 
4776	60.4 
4845	60.1 
4916	59.9 
4987	59.5 
5060	59.3 
5133	59.2 
5208	58.8 
5284	58.6 
5360	58.4 
5438	58.2 
5518	58   
5598	57.8 
5679	57.6 
5762	57.3 
5846	56.8 
5931	56.2 
6017	55.5 
6104	54.8 
6193	54.4 
6283	54.3 
6375	54.7 
6467	55.1 
6561	55.6 
6657	55.7 
6754	55.7 
6852	55.4 
6952	55.3 
7053	55.2 
7155	54.8 
7259	54.6 
7365	54.4 
7472	54   
7581	53.4 
7691	52.6 
7803	51.9 
7916	51.6 
8032	52.1 
8148	52.4 
8267	52.4 
8387	52.3 
8509	52.1 
8633	51.8 
8758	51.4 
8886	51   
9015	50.4 
9146	49.5 
9279	49.5 
9414	49.9 
9551	50.1 
9690	50   
9831	49.8 
9974	49.7 
10119	49.3
10266	48.6
10416	48.2
10567	48.6
10721	48.9
10877	48.8
11035	48.8
11196	48.6
11358	47.9
11524	48  
11691	48.4
11861	48.6
12034	48.6
12209	48.2
12386	47.6
12567	48  
12749	48.4
12935	48.5
13123	48.2
13314	47.6
13507	48.1
13704	48.3
13903	48.3
14105	47.7
14311	47.7
14519	48.2
14730	48.2
14944	47.6
15162	47.9
15382	48.3
15606	47.9
15833	47.5
16063	48  
16297	47.9
16534	47.4
16774	48  
17018	47.8
17266	47.4
17517	47.9
17772	47.6
18030	47.8
18293	48  
18559	47.4
18829	47.9
19102	47.4
19380	47.7
20000	47.8
overall dB	0.0 dB
decay	Average
averaging	No Smoothing
source	Totally Made Up


saved	--/-/--, --:-- AM
peak	0.0Hz
