
Frequency	dB	Unweighted
19.5	47.5 
19.8	47.7 
20.1	47.8 
20.3	47.9 
20.6	47.9 
20.9	48.1 
21.2	48.1 
21.6	48.2 
21.9	48.4 
22.2	48.5 
22.5	48.6 
22.8	48.6 
23.2	48.8 
23.5	48.9 
23.8	49   
24.2	49.1 
24.5	49.3 
24.9	49.4 
25.3	49.5 
25.6	49.6 
26	49.7   
26.4	49.8 
26.8	49.9 
27.2	50.1 
27.5	50.2 
28	50.4   
28.4	50.4 
28.8	50.6 
29.2	50.8 
29.6	50.8 
30	51     
30.5	51.1 
30.9	51.1 
31.4	51.3 
31.8	51.4 
32.3	51.7 
32.8	51.8 
33.2	51.8 
33.7	51.9 
34.2	52.1 
34.7	52.1 
35.2	52.3 
35.7	52.4 
36.2	52.5 
36.8	52.7 
37.3	52.9 
37.9	52.8 
38.4	53   
39	53.1   
39.5	53.3 
40.1	53.5 
40.7	53.4 
41.3	53.5 
41.9	53.6 
42.5	53.8 
43.1	54   
43.7	54   
44.4	54.2 
45	54.3   
45.7	54.3 
46.3	54.4 
47	54.5   
47.7	54.6 
48.4	54.6 
49.1	54.6 
49.8	54.7 
50.5	55   
51.3	55   
52	55     
52.8	55.1 
53.5	55.1 
54.3	55.3 
55.1	55.2 
55.9	55.5 
56.7	55.5 
57.5	55.6 
58.4	55.6 
59.2	55.6 
60.1	55.6 
61	55.7   
61.8	55.7 
62.7	55.8 
63.7	55.8 
64.6	55.8 
65.5	55.9 
66.5	55.9 
67.4	55.9 
68.4	56   
69.4	56   
70.4	56   
71.5	56   
72.5	55.9 
73.5	56   
74.6	56   
75.7	56   
76.8	56   
77.9	55.9 
79.1	55.9 
80.2	55.9 
81.4	55.8 
82.6	56   
83.8	55.9 
85	55.9   
86.2	55.8 
87.5	55.8 
88.7	55.9 
90	55.9   
91.3	55.9 
92.7	55.8 
94	55.7   
95.4	55.8 
96.8	55.8 
98.2	55.9 
99.6	55.7 
101	55.8  
103	55.8  
104	55.7  
106	55.8  
107	55.9  
109	55.8  
110	55.8  
112	55.8  
113	55.7  
115	55.7  
117	55.7  
118	55.6  
120	55.7  
122	55.7  
124	55.6  
125	55.7  
127	55.5  
129	55.6  
131	55.5  
133	55.6  
135	55.6  
137	55.6  
139	55.6  
141	55.5  
143	55.5  
145	55.4  
147	55.5  
149	55.5  
151	55.4  
154	55.3  
156	55.3  
158	55.4  
160	55.3  
163	55.4  
165	55.3  
168	55.4  
170	55.3  
172	55.2  
175	55.3  
177	55.3  
180	55.2  
183	55.2  
185	55.2  
188	55.3  
191	55.1  
194	55.2  
196	55.1  
199	55.1  
202	55.2  
205	55    
208	55.1  
211	55    
214	55    
217	55    
220	55.1  
224	55    
227	55    
230	54.9  
234	54.9  
237	54.9  
240	54.8  
244	54.9  
247	54.9  
251	54.9  
255	54.9  
258	54.9  
262	54.8  
266	54.7  
270	54.7  
274	54.8  
278	54.8  
282	54.8  
286	54.7  
290	54.8  
294	54.6  
298	54.8  
303	54.7  
307	54.7  
312	54.7  
316	54.7  
321	54.7  
325	54.6  
330	54.5  
335	54.7  
340	54.5  
345	54.6  
350	54.6  
355	54.5  
360	54.6  
365	54.4  
371	54.4  
376	54.5  
382	54.4  
387	54.5  
393	54.4  
398	54.4  
404	54.4  
410	54.4  
416	54.4  
422	54.5  
428	54.5  
434	54.3  
441	54.3  
447	54.3  
454	54.3  
460	54.3  
467	54.4  
474	54.2  
481	54.3  
488	54.4  
495	54.3  
502	54.3  
509	54.2  
517	54.4  
524	54.3  
532	54.4  
540	54.2  
547	54.3  
555	54.3  
563	54.3  
572	54.3  
580	54.4  
588	54.3  
597	54.4  
606	54.3  
614	54.4  
623	54.3  
632	54.4  
642	54.3  
651	54.4  
660	54.4  
670	54.4  
680	54.4  
690	54.4  
700	54.4  
710	54.4  
720	54.5  
731	54.4  
741	54.4  
752	54.5  
763	54.4  
774	54.5  
785	54.4  
797	54.5  
808	54.5  
820	54.5  
832	54.5  
844	54.6  
856	54.6  
869	54.6  
882	54.7  
894	54.8  
907	54.6  
921	54.7  
934	54.7  
948	54.9  
961	54.8  
975	54.8  
990	54.9  
1004	54.9 
1019	55   
1033	55.1 
1048	55.1 
1064	55.2 
1079	55.3 
1095	55.2 
1111	55.3 
1127	55.2 
1143	55.3 
1160	55.4 
1177	55.4 
1194	55.5 
1211	55.5 
1229	55.6 
1247	55.7 
1265	55.8 
1283	55.9 
1302	55.9 
1321	56   
1340	56   
1360	56.2 
1379	56.2 
1399	56.3 
1420	56.4 
1440	56.4 
1461	56.5 
1483	56.6 
1504	56.7 
1526	56.8 
1548	56.9 
1571	57.1 
1594	57.1 
1617	57.3 
1640	57.5 
1664	57.6 
1688	57.6 
1713	57.9 
1738	58.1 
1763	58.1 
1789	58.3 
1815	58.4 
1841	58.5 
1868	58.7 
1895	59   
1923	59.2 
1951	59.4 
1979	59.5 
2008	59.8 
2037	60   
2067	60.3 
2097	60.6 
2127	60.8 
2158	61   
2190	61.4 
2221	61.8 
2254	62.1 
2287	62.3 
2320	62.5 
2354	63   
2388	63.4 
2423	63.6 
2458	63.9 
2494	64.3 
2530	64.6 
2567	65   
2604	65.3 
2642	65.6 
2680	65.8 
2719	65.9 
2759	66.1 
2799	65.9 
2840	66   
2881	65.9 
2923	65.6 
2965	65.3 
3008	65.1 
3052	64.7 
3097	64.2 
3142	63.7 
3187	63.1 
3234	62.7 
3281	62.1 
3328	61.7 
3377	61.5 
3426	61.1 
3476	60.9 
3526	60.8 
3578	60.5 
3630	60.3 
3682	60.2 
3736	59.9 
3790	59.7 
3846	59.5 
3901	59.1 
3958	59   
4016	58.7 
4074	58.3 
4133	58.2 
4194	58   
4255	57.9 
4316	57.6 
4379	57.6 
4443	57.5 
4508	57.6 
4573	57.6 
4640	57.6 
4707	57.7 
4776	57.8 
4845	57.9 
4916	58.1 
4987	58   
5060	58.1 
5133	58   
5208	57.8 
5284	57.4 
5360	57.1 
5438	56.7 
5518	56.3 
5598	56.2 
5679	55.8 
5762	55.6 
5846	55.2 
5931	54.8 
6017	54.7 
6104	54.4 
6193	54.2 
6283	54.1 
6375	54   
6467	53.9 
6561	53.7 
6657	53.6 
6754	53.3 
6852	53.1 
6952	53.1 
7053	52.9 
7155	52.9 
7259	52.8 
7365	52.5 
7472	52.2 
7581	52.1 
7691	51.9 
7803	51.7 
7916	51.3 
8032	51.2 
8148	51   
8267	50.9 
8387	51.1 
8509	50.9 
8633	50.9 
8758	50.8 
8886	50.5 
9015	50   
9146	49.7 
9279	49.1 
9414	48.8 
9551	48.7 
9690	48.5 
9831	48.3 
9974	48.1 
10119	48.1
10266	47.9
10416	47.7
10567	47.6
10721	47.7
10877	47.6
11035	47.7
11196	47.8
11358	47.8
11524	48  
11691	47.8
11861	47.7
12034	47.4
12209	47.3
12386	47.2
12567	47.3
12749	47.2
12935	47.2
13123	47.1
13314	47.3
13507	47.3
13704	47.5
13903	47.5
14105	47.4
14311	47.3
14519	47  
14730	46.9
14944	47.1
15162	47  
15382	47  
15606	47.1
15833	47.2
16063	47.2
16297	47.1
16534	47.1
16774	46.8
17018	46.9
17266	46.9
17517	46.8
17772	47  
18030	47.1
18293	47.1
18559	46.9
18829	46.8
19102	46.8
19380	46.8
20000	46.9
overall dB	0.0 dB
decay	Average
averaging	No Smoothing
source	Totally Made Up


saved	--/-/--, --:-- AM
peak	0.0Hz
