
Frequency	dB	Unweighted
19.5	47.7 
19.8	47.9 
20.1	48   
20.3	48.1 
20.6	48.3 
20.9	48.4 
21.2	48.7 
21.6	48.8 
21.9	49   
22.2	49.1 
22.5	49.3 
22.8	49.4 
23.2	49.5 
23.5	49.8 
23.8	50   
24.2	50.2 
24.5	50.3 
24.9	50.5 
25.3	50.6 
25.6	50.9 
26	51.1   
26.4	51.3 
26.8	51.4 
27.2	51.5 
27.5	51.8 
28	51.9   
28.4	52.1 
28.8	52.4 
29.2	52.5 
29.6	52.6 
30	53     
30.5	53.1 
30.9	53.3 
31.4	53.4 
31.8	53.7 
32.3	53.8 
32.8	54   
33.2	54.3 
33.7	54.4 
34.2	54.6 
34.7	54.7 
35.2	54.9 
35.7	55.1 
36.2	55.3 
36.8	55.4 
37.3	55.7 
37.9	55.9 
38.4	55.9 
39	56.1   
39.5	56.4 
40.1	56.5 
40.7	56.6 
41.3	56.9 
41.9	57   
42.5	57.2 
43.1	57.3 
43.7	57.5 
44.4	57.7 
45	57.7   
45.7	58   
46.3	57.9 
47	58.2   
47.7	58.2 
48.4	58.5 
49.1	58.5 
49.8	58.6 
50.5	58.7 
51.3	58.9 
52	59     
52.8	59.2 
53.5	59.3 
54.3	59.3 
55.1	59.4 
55.9	59.6 
56.7	59.7 
57.5	59.8 
58.4	59.8 
59.2	59.9 
60.1	60   
61	60     
61.8	60   
62.7	60.2 
63.7	60.1 
64.6	60.1 
65.5	60.3 
66.5	60.3 
67.4	60.4 
68.4	60.4 
69.4	60.5 
70.4	60.4 
71.5	60.5 
72.5	60.3 
73.5	60.3 
74.6	60.4 
75.7	60.4 
76.8	60.3 
77.9	60.3 
79.1	60.4 
80.2	60.4 
81.4	60.4 
82.6	60.3 
83.8	60.3 
85	60.3   
86.2	60.3 
87.5	60.2 
88.7	60.3 
90	60.3   
91.3	60.3 
92.7	60.3 
94	60.3   
95.4	60.3 
96.8	60.3 
98.2	60.2 
99.6	60.3 
101	60.3  
103	60.3  
104	60.2  
106	60.3  
107	60.1  
109	60.2  
110	60.2  
112	60.2  
113	60.1  
115	60.1  
117	60.1  
118	60.1  
120	60    
122	60    
124	60    
125	60.1  
127	60.1  
129	60.1  
131	60.1  
133	60    
135	60    
137	60    
139	59.9  
141	60    
143	59.9  
145	59.9  
147	59.9  
149	59.8  
151	59.9  
154	59.9  
156	59.8  
158	59.9  
160	59.8  
163	59.8  
165	59.7  
168	59.8  
170	59.7  
172	59.8  
175	59.7  
177	59.7  
180	59.6  
183	59.6  
185	59.7  
188	59.6  
191	59.6  
194	59.6  
196	59.5  
199	59.5  
202	59.6  
205	59.4  
208	59.5  
211	59.5  
214	59.4  
217	59.5  
220	59.5  
224	59.4  
227	59.4  
230	59.4  
234	59.3  
237	59.4  
240	59.2  
244	59.2  
247	59.2  
251	59.2  
255	59.3  
258	59.2  
262	59.1  
266	59.2  
270	59.1  
274	59.1  
278	59.2  
282	59    
286	59.1  
290	59    
294	59.1  
298	59    
303	59    
307	59.1  
312	59    
316	59    
321	59    
325	58.9  
330	58.9  
335	59    
340	58.9  
345	58.9  
350	59    
355	58.8  
360	58.9  
365	58.8  
371	58.9  
376	58.8  
382	58.8  
387	58.7  
393	58.7  
398	58.8  
404	58.7  
410	58.8  
416	58.7  
422	58.6  
428	58.7  
434	58.6  
441	58.7  
447	58.7  
454	58.6  
460	58.6  
467	58.7  
474	58.6  
481	58.6  
488	58.5  
495	58.5  
502	58.6  
509	58.5  
517	58.5  
524	58.6  
532	58.5  
540	58.5  
547	58.5  
555	58.6  
563	58.5  
572	58.6  
580	58.5  
588	58.5  
597	58.5  
606	58.5  
614	58.4  
623	58.5  
632	58.5  
642	58.5  
651	58.5  
660	58.5  
670	58.6  
680	58.5  
690	58.5  
700	58.6  
710	58.6  
720	58.6  
731	58.5  
741	58.5  
752	58.5  
763	58.5  
774	58.6  
785	58.5  
797	58.6  
808	58.6  
820	58.6  
832	58.6  
844	58.6  
856	58.5  
869	58.7  
882	58.6  
894	58.7  
907	58.6  
921	58.7  
934	58.7  
948	58.7  
961	58.7  
975	58.6  
990	58.8  
1004	58.8 
1019	58.8 
1033	58.7 
1048	58.7 
1064	58.9 
1079	58.8 
1095	59   
1111	58.8 
1127	59   
1143	58.9 
1160	59   
1177	58.9 
1194	59.1 
1211	59   
1229	59   
1247	59.1 
1265	59.3 
1283	59.2 
1302	59.3 
1321	59.2 
1340	59.2 
1360	59.3 
1379	59.4 
1399	59.4 
1420	59.5 
1440	59.4 
1461	59.6 
1483	59.5 
1504	59.6 
1526	59.6 
1548	59.7 
1571	59.7 
1594	59.8 
1617	59.8 
1640	59.8 
1664	59.9 
1688	60   
1713	60   
1738	60.1 
1763	60.2 
1789	60.3 
1815	60.3 
1841	60.4 
1868	60.4 
1895	60.4 
1923	60.5 
1951	60.6 
1979	60.7 
2008	60.8 
2037	60.8 
2067	60.9 
2097	61.1 
2127	61.1 
2158	61.3 
2190	61.3 
2221	61.3 
2254	61.4 
2287	61.5 
2320	61.6 
2354	61.9 
2388	61.8 
2423	62   
2458	62.2 
2494	62.3 
2530	62.5 
2567	62.6 
2604	62.7 
2642	62.8 
2680	63.1 
2719	63.2 
2759	63.3 
2799	63.5 
2840	63.8 
2881	63.8 
2923	63.9 
2965	64   
3008	63.7 
3052	63.4 
3097	62.7 
3142	61.8 
3187	60.4 
3234	58.8 
3281	57.1 
3328	55.4 
3377	53.7 
3426	52.7 
3476	52.4 
3526	53.3 
3578	55.2 
3630	57.5 
3682	60.2 
3736	62.8 
3790	65.1 
3846	66.6 
3901	67.8 
3958	68.5 
4016	69.2 
4074	69.2 
4133	69.3 
4194	69.2 
4255	69.1 
4316	68.9 
4379	68.9 
4443	68.6 
4508	68.5 
4573	68.1 
4640	67.9 
4707	67.5 
4776	67.3 
4845	67   
4916	66.6 
4987	66.3 
5060	65.4 
5133	64.3 
5208	62.9 
5284	61.4 
5360	60.6 
5438	61   
5518	62   
5598	62.8 
5679	63.3 
5762	63.3 
5846	63.1 
5931	62.9 
6017	62.6 
6104	62.4 
6193	62.2 
6283	62   
6375	61.7 
6467	61.3 
6561	60.4 
6657	59   
6754	58.6 
6852	59.3 
6952	60   
7053	60.2 
7155	59.9 
7259	59.7 
7365	59.6 
7472	59.3 
7581	59.1 
7691	58.3 
7803	57.2 
7916	57.1 
8032	57.9 
8148	58.3 
8267	58   
8387	57.9 
8509	57.6 
8633	57.4 
8758	56.2 
8886	55.6 
9015	56.4 
9146	56.3 
9279	56   
9414	55.8 
9551	55.4 
9690	54.2 
9831	54.2 
9974	54.7 
10119	54.4
10266	54.4
10416	53.9
10567	53  
10721	53.9
10877	53.9
11035	53.8
11196	53.3
11358	52.8
11524	53.6
11691	53.5
11861	53.4
12034	52.6
12209	53.4
12386	53.4
12567	53.1
12749	52.8
12935	53.3
13123	53.3
13314	52.5
13507	53.2
13704	53.2
13903	52.5
14105	53.2
14311	53.3
14519	52.5
14730	53.3
14944	53.1
15162	52.7
15382	53  
15606	52.2
15833	52.8
16063	52.6
16297	52.8
16534	52.7
16774	52.7
17018	52.7
17266	52.7
17517	52.5
17772	52.6
18030	52.3
18293	52.6
18559	52.2
18829	52.7
19102	52.7
19380	52.2
20000	52.6
overall dB	0.0 dB
decay	Average
averaging	No Smoothing
source	Totally Made Up


saved	--/-/--, --:-- AM
peak	0.0Hz
