
Frequency	dB	Unweighted
19.5	48.5 
19.8	48.6 
20.1	48.8 
20.3	48.8 
20.6	49.1 
20.9	49.2 
21.2	49.3 
21.6	49.5 
21.9	49.6 
22.2	49.7 
22.5	50   
22.8	50   
23.2	50.2 
23.5	50.4 
23.8	50.6 
24.2	50.6 
24.5	50.8 
24.9	51.1 
25.3	51.2 
25.6	51.3 
26	51.4   
26.4	51.7 
26.8	51.7 
27.2	52   
27.5	52.1 
28	52.2   
28.4	52.4 
28.8	52.5 
29.2	52.7 
29.6	53   
30	53.1   
30.5	53.3 
30.9	53.5 
31.4	53.6 
31.8	53.8 
32.3	54   
32.8	54.1 
33.2	54.4 
33.7	54.5 
34.2	54.7 
34.7	54.7 
35.2	54.9 
35.7	55   
36.2	55.2 
36.8	55.4 
37.3	55.5 
37.9	55.8 
38.4	55.9 
39	56     
39.5	56.3 
40.1	56.4 
40.7	56.5 
41.3	56.6 
41.9	56.7 
42.5	56.9 
43.1	57   
43.7	57.3 
44.4	57.2 
45	57.4   
45.7	57.6 
46.3	57.7 
47	57.7   
47.7	58   
48.4	58.1 
49.1	58.1 
49.8	58.2 
50.5	58.4 
51.3	58.6 
52	58.6   
52.8	58.8 
53.5	58.9 
54.3	58.8 
55.1	59.1 
55.9	59.1 
56.7	59.2 
57.5	59.2 
58.4	59.4 
59.2	59.3 
60.1	59.4 
61	59.5   
61.8	59.5 
62.7	59.5 
63.7	59.6 
64.6	59.7 
65.5	59.7 
66.5	59.7 
67.4	59.8 
68.4	59.9 
69.4	59.7 
70.4	59.7 
71.5	59.9 
72.5	59.9 
73.5	59.8 
74.6	59.8 
75.7	59.9 
76.8	59.7 
77.9	59.8 
79.1	59.8 
80.2	59.7 
81.4	59.7 
82.6	59.7 
83.8	59.7 
85	59.7   
86.2	59.8 
87.5	59.7 
88.7	59.7 
90	59.6   
91.3	59.7 
92.7	59.6 
94	59.6   
95.4	59.6 
96.8	59.7 
98.2	59.5 
99.6	59.6 
101	59.6  
103	59.5  
104	59.5  
106	59.6  
107	59.4  
109	59.4  
110	59.5  
112	59.4  
113	59.4  
115	59.3  
117	59.4  
118	59.5  
120	59.3  
122	59.3  
124	59.3  
125	59.3  
127	59.2  
129	59.2  
131	59.2  
133	59.3  
135	59.1  
137	59.2  
139	59.2  
141	59    
143	59.1  
145	59    
147	58.9  
149	58.9  
151	59    
154	58.9  
156	59    
158	58.9  
160	59    
163	58.9  
165	58.8  
168	58.7  
170	58.7  
172	58.8  
175	58.8  
177	58.7  
180	58.7  
183	58.7  
185	58.6  
188	58.5  
191	58.7  
194	58.5  
196	58.5  
199	58.5  
202	58.4  
205	58.5  
208	58.5  
211	58.3  
214	58.5  
217	58.3  
220	58.3  
224	58.3  
227	58.2  
230	58.2  
234	58.3  
237	58.2  
240	58.2  
244	58.1  
247	58.1  
251	58    
255	58    
258	58    
262	58    
266	58    
270	57.9  
274	58    
278	57.8  
282	57.8  
286	57.8  
290	57.8  
294	57.7  
298	57.9  
303	57.8  
307	57.6  
312	57.7  
316	57.8  
321	57.7  
325	57.7  
330	57.5  
335	57.7  
340	57.6  
345	57.4  
350	57.6  
355	57.6  
360	57.6  
365	57.4  
371	57.5  
376	57.5  
382	57.5  
387	57.4  
393	57.4  
398	57.3  
404	57.4  
410	57.4  
416	57.3  
422	57.3  
428	57.3  
434	57.3  
441	57.3  
447	57.2  
454	57.1  
460	57.3  
467	57.3  
474	57.2  
481	57.1  
488	57    
495	57.1  
502	57    
509	57    
517	57.1  
524	57.1  
532	57    
540	57.1  
547	57    
555	57.1  
563	57    
572	57    
580	57    
588	57    
597	57    
606	56.9  
614	57    
623	57.1  
632	57.1  
642	57    
651	57    
660	57    
670	56.9  
680	57    
690	57    
700	57.1  
710	57    
720	57    
731	57.2  
741	57.1  
752	57.2  
763	57.1  
774	57.1  
785	57.1  
797	57.1  
808	57.2  
820	57.2  
832	57.3  
844	57.2  
856	57.3  
869	57.3  
882	57.3  
894	57.4  
907	57.3  
921	57.4  
934	57.4  
948	57.5  
961	57.5  
975	57.5  
990	57.6  
1004	57.7 
1019	57.8 
1033	57.7 
1048	57.9 
1064	57.8 
1079	57.9 
1095	58.1 
1111	58.1 
1127	58.1 
1143	58.3 
1160	58.3 
1177	58.4 
1194	58.4 
1211	58.5 
1229	58.5 
1247	58.6 
1265	58.7 
1283	58.9 
1302	58.9 
1321	59   
1340	59.2 
1360	59.2 
1379	59.3 
1399	59.4 
1420	59.6 
1440	59.6 
1461	59.9 
1483	60   
1504	60.2 
1526	60.3 
1548	60.4 
1571	60.6 
1594	60.8 
1617	60.9 
1640	61.1 
1664	61.2 
1688	61.4 
1713	61.7 
1738	61.9 
1763	62.2 
1789	62.3 
1815	62.6 
1841	63   
1868	63.1 
1895	63.5 
1923	63.8 
1951	64.1 
1979	64.3 
2008	64.7 
2037	65.1 
2067	65.3 
2097	65.7 
2127	66   
2158	66.3 
2190	66.6 
2221	66.9 
2254	67.1 
2287	67.4 
2320	67.5 
2354	67.6 
2388	67.6 
2423	67.5 
2458	67.5 
2494	67.3 
2530	66.9 
2567	66.6 
2604	66.3 
2642	65.9 
2680	65.3 
2719	65   
2759	64.6 
2799	64.1 
2840	63.6 
2881	63.2 
2923	62.9 
2965	62.7 
3008	62.5 
3052	62.1 
3097	61.9 
3142	61.7 
3187	61.5 
3234	61.2 
3281	61   
3328	60.7 
3377	60.6 
3426	60.2 
3476	60   
3526	59.8 
3578	59.6 
3630	59.4 
3682	59.1 
3736	59.1 
3790	58.8 
3846	58.8 
3901	58.5 
3958	58.4 
4016	58.2 
4074	58   
4133	58   
4194	57.9 
4255	57.9 
4316	57.8 
4379	57.8 
4443	57.8 
4508	57.8 
4573	57.9 
4640	58   
4707	58.2 
4776	58.4 
4845	58.6 
4916	58.9 
4987	59   
5060	59.1 
5133	59.3 
5208	59.2 
5284	59.3 
5360	59.3 
5438	59.1 
5518	58.9 
5598	58.6 
5679	58.2 
5762	57.8 
5846	57.3 
5931	57   
6017	56.7 
6104	56.5 
6193	56.1 
6283	56.1 
6375	55.8 
6467	55.6 
6561	55.4 
6657	55.4 
6754	55.4 
6852	55.2 
6952	54.9 
7053	54.7 
7155	54.7 
7259	54.5 
7365	54.3 
7472	54.1 
7581	54.1 
7691	53.8 
7803	53.6 
7916	53.3 
8032	53.1 
8148	52.8 
8267	52.8 
8387	52.4 
8509	52.4 
8633	52.3 
8758	52.3 
8886	52.1 
9015	52.1 
9146	52.1 
9279	52.1 
9414	51.9 
9551	51.7 
9690	51.4 
9831	51   
9974	50.7 
10119	50.3
10266	50.1
10416	50  
10567	49.7
10721	49.7
10877	49.6
11035	49.7
11196	49.6
11358	49.6
11524	49.6
11691	49.6
11861	49.5
12034	49.8
12209	49.8
12386	50.2
12567	50.2
12749	50.1
12935	50  
13123	49.7
13314	49.6
13507	49.4
13704	49.3
13903	49.4
14105	49.3
14311	49.3
14519	49.3
14730	49.3
14944	49.5
15162	49.6
15382	49.8
15606	49.7
15833	49.6
16063	49.3
16297	49.2
16534	49.2
16774	49.2
17018	49.2
17266	49.3
17517	49.3
17772	49.6
18030	49.6
18293	49.7
18559	49.3
18829	49.1
19102	49.1
19380	49.2
20000	49.1
overall dB	0.0 dB
decay	Average
averaging	No Smoothing
source	Totally Made Up


saved	--/-/--, --:-- AM
peak	0.0Hz
