
Frequency	dB	Unweighted
19.5	47   
19.8	47.2 
20.1	47.1 
20.3	47.3 
20.6	47.5 
20.9	47.6 
21.2	47.8 
21.6	47.9 
21.9	48   
22.2	48.1 
22.5	48.2 
22.8	48.3 
23.2	48.4 
23.5	48.6 
23.8	48.7 
24.2	48.8 
24.5	48.9 
24.9	49.1 
25.3	49.3 
25.6	49.4 
26	49.4   
26.4	49.7 
26.8	49.8 
27.2	50   
27.5	50.1 
28	50.3   
28.4	50.3 
28.8	50.5 
29.2	50.6 
29.6	50.9 
30	50.9   
30.5	51.1 
30.9	51.2 
31.4	51.3 
31.8	51.5 
32.3	51.7 
32.8	51.8 
33.2	52   
33.7	52.1 
34.2	52.1 
34.7	52.4 
35.2	52.4 
35.7	52.6 
36.2	52.7 
36.8	52.9 
37.3	52.9 
37.9	53.1 
38.4	53.2 
39	53.4   
39.5	53.5 
40.1	53.7 
40.7	53.8 
41.3	54   
41.9	54.1 
42.5	54   
43.1	54.3 
43.7	54.4 
44.4	54.5 
45	54.6   
45.7	54.7 
46.3	54.8 
47	54.9   
47.7	55   
48.4	55.2 
49.1	55.3 
49.8	55.4 
50.5	55.4 
51.3	55.5 
52	55.5   
52.8	55.6 
53.5	55.7 
54.3	55.9 
55.1	55.9 
55.9	55.9 
56.7	56   
57.5	56   
58.4	56.1 
59.2	56.3 
60.1	56.4 
61	56.4   
61.8	56.4 
62.7	56.5 
63.7	56.4 
64.6	56.4 
65.5	56.5 
66.5	56.5 
67.4	56.6 
68.4	56.6 
69.4	56.5 
70.4	56.7 
71.5	56.5 
72.5	56.6 
73.5	56.5 
74.6	56.7 
75.7	56.5 
76.8	56.6 
77.9	56.5 
79.1	56.5 
80.2	56.5 
81.4	56.5 
82.6	56.6 
83.8	56.6 
85	56.4   
86.2	56.6 
87.5	56.4 
88.7	56.6 
90	56.5   
91.3	56.5 
92.7	56.4 
94	56.4   
95.4	56.3 
96.8	56.4 
98.2	56.3 
99.6	56.4 
101	56.4  
103	56.4  
104	56.3  
106	56.2  
107	56.3  
109	56.3  
110	56.3  
112	56.1  
113	56.2  
115	56.2  
117	56.2  
118	56.1  
120	56.1  
122	56    
124	56    
125	56    
127	56    
129	56    
131	56    
133	55.9  
135	56    
137	56    
139	55.9  
141	55.7  
143	55.8  
145	55.8  
147	55.7  
149	55.8  
151	55.6  
154	55.7  
156	55.6  
158	55.6  
160	55.5  
163	55.6  
165	55.4  
168	55.5  
170	55.4  
172	55.5  
175	55.3  
177	55.3  
180	55.4  
183	55.3  
185	55.2  
188	55.3  
191	55.2  
194	55.2  
196	55.1  
199	55.1  
202	55    
205	55.1  
208	55    
211	55    
214	54.9  
217	54.9  
220	54.9  
224	55    
227	54.8  
230	54.9  
234	54.9  
237	54.7  
240	54.7  
244	54.8  
247	54.7  
251	54.6  
255	54.6  
258	54.6  
262	54.6  
266	54.6  
270	54.6  
274	54.4  
278	54.4  
282	54.4  
286	54.3  
290	54.4  
294	54.4  
298	54.2  
303	54.3  
307	54.3  
312	54.2  
316	54.2  
321	54.2  
325	54    
330	54    
335	54.1  
340	53.9  
345	54.1  
350	54    
355	54    
360	54    
365	53.9  
371	53.8  
376	53.8  
382	53.9  
387	53.9  
393	53.7  
398	53.7  
404	53.8  
410	53.8  
416	53.6  
422	53.6  
428	53.6  
434	53.5  
441	53.6  
447	53.6  
454	53.5  
460	53.6  
467	53.5  
474	53.5  
481	53.4  
488	53.5  
495	53.4  
502	53.4  
509	53.4  
517	53.4  
524	53.3  
532	53.3  
540	53.3  
547	53.2  
555	53.3  
563	53.4  
572	53.3  
580	53.2  
588	53.2  
597	53.3  
606	53.2  
614	53.3  
623	53.3  
632	53.3  
642	53.2  
651	53.2  
660	53.3  
670	53.1  
680	53.2  
690	53.2  
700	53.2  
710	53.3  
720	53.2  
731	53.1  
741	53.3  
752	53.2  
763	53.2  
774	53.2  
785	53.2  
797	53.3  
808	53.3  
820	53.2  
832	53.2  
844	53.3  
856	53.2  
869	53.3  
882	53.3  
894	53.2  
907	53.4  
921	53.4  
934	53.2  
948	53.3  
961	53.3  
975	53.3  
990	53.5  
1004	53.5 
1019	53.4 
1033	53.4 
1048	53.6 
1064	53.5 
1079	53.6 
1095	53.6 
1111	53.6 
1127	53.6 
1143	53.7 
1160	53.8 
1177	53.7 
1194	53.8 
1211	53.8 
1229	53.9 
1247	54   
1265	54.1 
1283	54.1 
1302	54   
1321	54.2 
1340	54.2 
1360	54.3 
1379	54.2 
1399	54.3 
1420	54.4 
1440	54.5 
1461	54.4 
1483	54.6 
1504	54.6 
1526	54.8 
1548	54.8 
1571	54.9 
1594	54.9 
1617	54.9 
1640	55   
1664	55.1 
1688	55.3 
1713	55.2 
1738	55.3 
1763	55.5 
1789	55.6 
1815	55.6 
1841	55.7 
1868	55.7 
1895	56   
1923	56.1 
1951	56.2 
1979	56.3 
2008	56.4 
2037	56.6 
2067	56.7 
2097	56.8 
2127	56.9 
2158	57.2 
2190	57.2 
2221	57.5 
2254	57.7 
2287	57.7 
2320	58   
2354	58.2 
2388	58.4 
2423	58.7 
2458	58.7 
2494	59   
2530	59.2 
2567	59.6 
2604	59.9 
2642	60.2 
2680	60.4 
2719	60.7 
2759	61   
2799	61.3 
2840	61.6 
2881	61.9 
2923	62.1 
2965	62.5 
3008	62.7 
3052	63   
3097	63.4 
3142	63.7 
3187	63.9 
3234	64.1 
3281	64.1 
3328	64.3 
3377	64.4 
3426	64.4 
3476	64.5 
3526	64.4 
3578	64.1 
3630	63.8 
3682	63.5 
3736	63.1 
3790	62.4 
3846	61.8 
3901	61.1 
3958	60.2 
4016	59.2 
4074	58.2 
4133	57.1 
4194	56.2 
4255	55.3 
4316	54.8 
4379	54.6 
4443	54.6 
4508	54.7 
4573	55.3 
4640	55.7 
4707	56   
4776	56.5 
4845	56.6 
4916	56.6 
4987	56.5 
5060	56.4 
5133	56.3 
5208	55.9 
5284	55.6 
5360	55.4 
5438	55   
5518	54.8 
5598	54.7 
5679	54.5 
5762	54.2 
5846	54.3 
5931	54.1 
6017	54.2 
6104	54.2 
6193	54.1 
6283	54   
6375	54   
6467	53.8 
6561	53.4 
6657	52.9 
6754	52.5 
6852	52.1 
6952	51.9 
7053	51.9 
7155	52.1 
7259	52.3 
7365	52.4 
7472	52.2 
7581	52   
7691	51.9 
7803	51.6 
7916	51.6 
8032	51.2 
8148	51   
8267	50.9 
8387	50.5 
8509	50.1 
8633	49.7 
8758	49   
8886	48.8 
9015	48.7 
9146	49   
9279	48.9 
9414	48.9 
9551	48.8 
9690	48.6 
9831	48.5 
9974	48.5 
10119	48  
10266	47.8
10416	47.4
10567	47.3
10721	47.5
10877	47.9
11035	47.7
11196	47.7
11358	47.6
11524	47.6
11691	47.1
11861	46.9
12034	46.9
12209	47.2
12386	47.3
12567	47.4
12749	47.5
12935	47.2
13123	46.8
13314	47  
13507	47.3
13704	47.3
13903	47.3
14105	47  
14311	46.7
14519	46.8
14730	47.2
14944	47.1
15162	47  
15382	46.6
15606	46.7
15833	47.1
16063	46.9
16297	46.7
16534	46.6
16774	46.8
17018	46.9
17266	46.9
17517	46.5
17772	46.8
18030	46.7
18293	46.6
18559	46.6
18829	46.9
19102	46.7
19380	46.5
20000	46.6
overall dB	0.0 dB
decay	Average
averaging	No Smoothing
source	Totally Made Up


saved	--/-/--, --:-- AM
peak	0.0Hz
