
Frequency	dB	Unweighted
19.5	48.2 
19.8	48.2 
20.1	48.4 
20.3	48.5 
20.6	48.7 
20.9	48.8 
21.2	48.8 
21.6	48.9 
21.9	49.1 
22.2	49.2 
22.5	49.2 
22.8	49.5 
23.2	49.4 
23.5	49.6 
23.8	49.8 
24.2	49.8 
24.5	50   
24.9	50.1 
25.3	50.3 
25.6	50.5 
26	50.5   
26.4	50.6 
26.8	50.8 
27.2	50.9 
27.5	51.1 
28	51.2   
28.4	51.3 
28.8	51.4 
29.2	51.4 
29.6	51.6 
30	51.8   
30.5	52   
30.9	52.1 
31.4	52.2 
31.8	52.3 
32.3	52.5 
32.8	52.6 
33.2	52.8 
33.7	52.8 
34.2	53   
34.7	53.1 
35.2	53.2 
35.7	53.4 
36.2	53.4 
36.8	53.5 
37.3	53.8 
37.9	53.8 
38.4	54   
39	54.1   
39.5	54.1 
40.1	54.3 
40.7	54.3 
41.3	54.6 
41.9	54.6 
42.5	54.8 
43.1	54.9 
43.7	55   
44.4	55   
45	55.2   
45.7	55.3 
46.3	55.4 
47	55.5   
47.7	55.6 
48.4	55.7 
49.1	55.7 
49.8	55.8 
50.5	55.9 
51.3	56   
52	56.1   
52.8	56.1 
53.5	56.2 
54.3	56.2 
55.1	56.4 
55.9	56.4 
56.7	56.5 
57.5	56.6 
58.4	56.6 
59.2	56.6 
60.1	56.7 
61	56.7   
61.8	56.8 
62.7	56.8 
63.7	56.9 
64.6	56.9 
65.5	57   
66.5	56.9 
67.4	57   
68.4	57.1 
69.4	56.9 
70.4	57.1 
71.5	57.1 
72.5	57   
73.5	57   
74.6	57.1 
75.7	57   
76.8	57.1 
77.9	56.9 
79.1	57.1 
80.2	57   
81.4	57   
82.6	56.9 
83.8	57   
85	56.9   
86.2	57   
87.5	57   
88.7	57   
90	57     
91.3	56.9 
92.7	57   
94	56.9   
95.4	56.9 
96.8	56.9 
98.2	56.8 
99.6	56.8 
101	56.9  
103	56.9  
104	56.9  
106	56.7  
107	56.9  
109	56.8  
110	56.7  
112	56.8  
113	56.8  
115	56.8  
117	56.8  
118	56.8  
120	56.7  
122	56.7  
124	56.8  
125	56.8  
127	56.7  
129	56.5  
131	56.6  
133	56.5  
135	56.7  
137	56.6  
139	56.6  
141	56.6  
143	56.6  
145	56.6  
147	56.5  
149	56.6  
151	56.4  
154	56.4  
156	56.4  
158	56.4  
160	56.5  
163	56.5  
165	56.4  
168	56.4  
170	56.4  
172	56.2  
175	56.2  
177	56.2  
180	56.2  
183	56.3  
185	56.3  
188	56.2  
191	56.2  
194	56.2  
196	56.2  
199	56.2  
202	56.1  
205	56.1  
208	56.1  
211	56    
214	55.9  
217	56.1  
220	56    
224	55.9  
227	55.9  
230	56    
234	55.9  
237	55.8  
240	55.8  
244	55.9  
247	55.9  
251	55.7  
255	55.7  
258	55.7  
262	55.8  
266	55.7  
270	55.7  
274	55.6  
278	55.7  
282	55.6  
286	55.7  
290	55.5  
294	55.6  
298	55.6  
303	55.6  
307	55.6  
312	55.5  
316	55.6  
321	55.6  
325	55.5  
330	55.5  
335	55.5  
340	55.5  
345	55.4  
350	55.5  
355	55.3  
360	55.5  
365	55.4  
371	55.4  
376	55.3  
382	55.3  
387	55.4  
393	55.2  
398	55.4  
404	55.3  
410	55.3  
416	55.2  
422	55.2  
428	55.2  
434	55.2  
441	55.1  
447	55.3  
454	55.2  
460	55.1  
467	55.1  
474	55.2  
481	55.1  
488	55    
495	55.1  
502	55.2  
509	55.2  
517	55.1  
524	55.2  
532	55    
540	55.2  
547	55    
555	55.1  
563	55    
572	55.1  
580	55.1  
588	55    
597	55.1  
606	55    
614	55.1  
623	55    
632	55.1  
642	55    
651	55.1  
660	55.1  
670	55.1  
680	55.1  
690	55.1  
700	55.1  
710	55    
720	55    
731	55    
741	55.2  
752	55    
763	55    
774	55.1  
785	55.2  
797	55.2  
808	55.2  
820	55.2  
832	55.2  
844	55.1  
856	55.2  
869	55.2  
882	55.2  
894	55.3  
907	55.4  
921	55.2  
934	55.4  
948	55.3  
961	55.3  
975	55.4  
990	55.4  
1004	55.4 
1019	55.6 
1033	55.5 
1048	55.6 
1064	55.5 
1079	55.5 
1095	55.6 
1111	55.6 
1127	55.8 
1143	55.6 
1160	55.7 
1177	55.7 
1194	55.8 
1211	55.8 
1229	55.9 
1247	56   
1265	56   
1283	56.1 
1302	56   
1321	56.1 
1340	56.2 
1360	56.3 
1379	56.4 
1399	56.4 
1420	56.5 
1440	56.4 
1461	56.6 
1483	56.6 
1504	56.7 
1526	56.8 
1548	56.7 
1571	56.8 
1594	56.9 
1617	56.9 
1640	57   
1664	57   
1688	57.2 
1713	57.2 
1738	57.3 
1763	57.4 
1789	57.6 
1815	57.7 
1841	57.8 
1868	57.8 
1895	58   
1923	58   
1951	58.1 
1979	58.4 
2008	58.5 
2037	58.5 
2067	58.6 
2097	58.8 
2127	58.9 
2158	59.1 
2190	59.2 
2221	59.4 
2254	59.5 
2287	59.7 
2320	59.9 
2354	60.1 
2388	60.4 
2423	60.6 
2458	60.9 
2494	61.1 
2530	61.2 
2567	61.5 
2604	61.8 
2642	62.1 
2680	62.3 
2719	62.6 
2759	63   
2799	63.2 
2840	63.6 
2881	63.9 
2923	64.2 
2965	64.4 
3008	64.8 
3052	65.1 
3097	65.3 
3142	65.6 
3187	65.9 
3234	66.1 
3281	66.3 
3328	66.3 
3377	66.4 
3426	66.4 
3476	66.4 
3526	66.3 
3578	66.1 
3630	65.9 
3682	65.4 
3736	65   
3790	64.5 
3846	63.8 
3901	62.9 
3958	61.9 
4016	60.9 
4074	59.6 
4133	58.5 
4194	57.4 
4255	56.5 
4316	55.9 
4379	55.6 
4443	55.8 
4508	56.1 
4573	56.6 
4640	57.4 
4707	57.9 
4776	58.3 
4845	58.5 
4916	58.7 
4987	58.6 
5060	58.4 
5133	58.3 
5208	57.9 
5284	57.8 
5360	57.4 
5438	57.1 
5518	57   
5598	56.6 
5679	56.5 
5762	56.3 
5846	56.2 
5931	56.2 
6017	56.1 
6104	56.2 
6193	56.2 
6283	56.1 
6375	56   
6467	55.8 
6561	55.5 
6657	54.9 
6754	54.4 
6852	54   
6952	53.8 
7053	53.8 
7155	54.2 
7259	54.2 
7365	54.3 
7472	54.2 
7581	54   
7691	53.9 
7803	53.7 
7916	53.4 
8032	53.1 
8148	53   
8267	52.8 
8387	52.6 
8509	52.1 
8633	51.5 
8758	51   
8886	50.8 
9015	50.7 
9146	51   
9279	51   
9414	50.7 
9551	50.6 
9690	50.5 
9831	50.3 
9974	50.3 
10119	50.1
10266	49.5
10416	49.2
10567	49.2
10721	49.5
10877	49.6
11035	49.6
11196	49.5
11358	49.4
11524	49.3
11691	49.1
11861	48.6
12034	49  
12209	49.1
12386	49.3
12567	49.1
12749	49.2
12935	49.1
13123	48.6
13314	48.9
13507	49.1
13704	49.1
13903	49  
14105	48.9
14311	48.5
14519	48.8
14730	49  
14944	48.9
15162	49  
15382	48.6
15606	48.7
15833	48.8
16063	48.9
16297	48.7
16534	48.4
16774	48.8
17018	48.8
17266	48.6
17517	48.5
17772	48.8
18030	48.6
18293	48.5
18559	48.5
18829	48.7
19102	48.7
19380	48.4
20000	48.6
overall dB	0.0 dB
decay	Average
averaging	No Smoothing
source	Totally Made Up


saved	--/-/--, --:-- AM
peak	0.0Hz
