
Frequency	dB	Unweighted
19.5	48.2 
19.8	48.3 
20.1	48.3 
20.3	48.5 
20.6	48.5 
20.9	48.7 
21.2	48.7 
21.6	48.8 
21.9	49   
22.2	49.1 
22.5	49.3 
22.8	49.3 
23.2	49.3 
23.5	49.5 
23.8	49.7 
24.2	49.7 
24.5	49.8 
24.9	50   
25.3	50.1 
25.6	50.1 
26	50.2   
26.4	50.5 
26.8	50.5 
27.2	50.6 
27.5	50.8 
28	51     
28.4	51.1 
28.8	51.1 
29.2	51.2 
29.6	51.4 
30	51.4   
30.5	51.6 
30.9	51.8 
31.4	51.8 
31.8	52   
32.3	52.1 
32.8	52.1 
33.2	52.4 
33.7	52.5 
34.2	52.6 
34.7	52.6 
35.2	52.8 
35.7	52.9 
36.2	53   
36.8	53.3 
37.3	53.2 
37.9	53.5 
38.4	53.4 
39	53.5   
39.5	53.7 
40.1	53.9 
40.7	53.9 
41.3	54.1 
41.9	54.1 
42.5	54.2 
43.1	54.5 
43.7	54.5 
44.4	54.5 
45	54.7   
45.7	54.8 
46.3	54.7 
47	55     
47.7	55   
48.4	55.1 
49.1	55.3 
49.8	55.3 
50.5	55.4 
51.3	55.4 
52	55.6   
52.8	55.5 
53.5	55.6 
54.3	55.6 
55.1	55.8 
55.9	55.8 
56.7	55.9 
57.5	56   
58.4	55.9 
59.2	56.1 
60.1	56.1 
61	56.1   
61.8	56.2 
62.7	56.3 
63.7	56.3 
64.6	56.3 
65.5	56.3 
66.5	56.3 
67.4	56.3 
68.4	56.3 
69.4	56.4 
70.4	56.5 
71.5	56.5 
72.5	56.5 
73.5	56.3 
74.6	56.4 
75.7	56.3 
76.8	56.3 
77.9	56.4 
79.1	56.3 
80.2	56.3 
81.4	56.3 
82.6	56.2 
83.8	56.3 
85	56.2   
86.2	56.4 
87.5	56.2 
88.7	56.2 
90	56.2   
91.3	56.3 
92.7	56.2 
94	56.2   
95.4	56.2 
96.8	56.3 
98.2	56.1 
99.6	56.2 
101	56.2  
103	56.1  
104	56.1  
106	56.1  
107	56.1  
109	56.2  
110	56.1  
112	56.1  
113	56.1  
115	56.1  
117	56.1  
118	56    
120	56    
122	56.1  
124	56.1  
125	56    
127	56    
129	55.9  
131	55.8  
133	55.9  
135	55.9  
137	55.9  
139	55.9  
141	55.8  
143	55.7  
145	55.7  
147	55.7  
149	55.7  
151	55.8  
154	55.8  
156	55.8  
158	55.7  
160	55.6  
163	55.6  
165	55.7  
168	55.6  
170	55.6  
172	55.6  
175	55.4  
177	55.6  
180	55.5  
183	55.6  
185	55.5  
188	55.5  
191	55.5  
194	55.3  
196	55.3  
199	55.3  
202	55.3  
205	55.3  
208	55.3  
211	55.3  
214	55.1  
217	55.2  
220	55.2  
224	55.2  
227	55.1  
230	55.1  
234	55.2  
237	55    
240	55.1  
244	55    
247	55.1  
251	55    
255	54.9  
258	55    
262	54.9  
266	54.8  
270	54.9  
274	54.9  
278	54.9  
282	54.8  
286	54.9  
290	54.8  
294	54.7  
298	54.7  
303	54.7  
307	54.7  
312	54.7  
316	54.7  
321	54.6  
325	54.7  
330	54.6  
335	54.6  
340	54.5  
345	54.6  
350	54.5  
355	54.6  
360	54.6  
365	54.5  
371	54.4  
376	54.4  
382	54.4  
387	54.4  
393	54.3  
398	54.4  
404	54.3  
410	54.4  
416	54.2  
422	54.3  
428	54.3  
434	54.2  
441	54.2  
447	54.3  
454	54.3  
460	54.3  
467	54.2  
474	54.1  
481	54.1  
488	54.2  
495	54.2  
502	54.1  
509	54.2  
517	54.2  
524	54.1  
532	54    
540	54.1  
547	54.2  
555	54    
563	54.2  
572	54.2  
580	54    
588	54.1  
597	54.1  
606	54.1  
614	54.1  
623	54    
632	54    
642	54.1  
651	54    
660	54.1  
670	54    
680	54.2  
690	54.1  
700	54.1  
710	54.1  
720	54    
731	54.1  
741	54.1  
752	54.1  
763	54    
774	54.1  
785	54    
797	54    
808	54.2  
820	54    
832	54.1  
844	54.1  
856	54.1  
869	54.1  
882	54.2  
894	54.1  
907	54.3  
921	54.1  
934	54.3  
948	54.2  
961	54.3  
975	54.3  
990	54.3  
1004	54.3 
1019	54.4 
1033	54.4 
1048	54.4 
1064	54.4 
1079	54.5 
1095	54.6 
1111	54.5 
1127	54.6 
1143	54.6 
1160	54.6 
1177	54.7 
1194	54.8 
1211	54.7 
1229	54.7 
1247	54.7 
1265	54.8 
1283	54.8 
1302	55   
1321	54.9 
1340	55   
1360	55   
1379	55.2 
1399	55.1 
1420	55.1 
1440	55.3 
1461	55.3 
1483	55.4 
1504	55.4 
1526	55.4 
1548	55.6 
1571	55.6 
1594	55.6 
1617	55.8 
1640	55.7 
1664	55.8 
1688	56   
1713	56   
1738	56.2 
1763	56.1 
1789	56.3 
1815	56.3 
1841	56.4 
1868	56.6 
1895	56.6 
1923	56.8 
1951	56.8 
1979	57   
2008	57   
2037	57.2 
2067	57.2 
2097	57.3 
2127	57.4 
2158	57.6 
2190	57.9 
2221	58   
2254	58.1 
2287	58.3 
2320	58.4 
2354	58.5 
2388	58.8 
2423	59   
2458	59.2 
2494	59.4 
2530	59.6 
2567	59.8 
2604	60.1 
2642	60.4 
2680	60.6 
2719	60.8 
2759	61   
2799	61.4 
2840	61.6 
2881	62   
2923	62.3 
2965	62.6 
3008	62.8 
3052	63.1 
3097	63.4 
3142	63.5 
3187	63.7 
3234	63.9 
3281	64.1 
3328	64.2 
3377	64.2 
3426	64.3 
3476	64.3 
3526	64.2 
3578	64.1 
3630	63.8 
3682	63.4 
3736	63.2 
3790	62.6 
3846	62.1 
3901	61.3 
3958	60.8 
4016	59.9 
4074	59.2 
4133	58.3 
4194	57.5 
4255	57.1 
4316	56.5 
4379	56.2 
4443	56.2 
4508	56.2 
4573	56.5 
4640	56.7 
4707	57   
4776	57.2 
4845	57.4 
4916	57.3 
4987	57.3 
5060	57.2 
5133	56.9 
5208	56.8 
5284	56.6 
5360	56.3 
5438	56.2 
5518	55.8 
5598	55.7 
5679	55.6 
5762	55.4 
5846	55.3 
5931	55.3 
6017	55.2 
6104	55.1 
6193	55.1 
6283	54.9 
6375	55   
6467	54.8 
6561	54.5 
6657	54   
6754	53.7 
6852	53.3 
6952	53.1 
7053	53.1 
7155	53.2 
7259	53.3 
7365	53.2 
7472	53   
7581	52.9 
7691	52.7 
7803	52.4 
7916	52.3 
8032	52   
8148	51.7 
8267	51.7 
8387	51.4 
8509	50.9 
8633	50.5 
8758	50   
8886	49.7 
9015	49.8 
9146	49.7 
9279	49.7 
9414	49.6 
9551	49.4 
9690	49.1 
9831	49   
9974	49   
10119	48.7
10266	48.4
10416	48  
10567	48.1
10721	48.3
10877	48.4
11035	48.3
11196	48.3
11358	48.3
11524	48.2
11691	47.9
11861	47.7
12034	47.7
12209	47.9
12386	47.9
12567	48  
12749	48  
12935	47.8
13123	47.6
13314	47.7
13507	48  
13704	47.8
13903	47.8
14105	47.8
14311	47.3
14519	47.6
14730	47.7
14944	47.8
15162	47.7
15382	47.4
15606	47.6
15833	47.6
16063	47.7
16297	47.5
16534	47.3
16774	47.6
17018	47.6
17266	47.5
17517	47.3
17772	47.5
18030	47.4
18293	47.4
18559	47.4
18829	47.5
19102	47.4
19380	47.3
20000	47.4
overall dB	0.0 dB
decay	Average
averaging	No Smoothing
source	Totally Made Up


saved	--/-/--, --:-- AM
peak	0.0Hz
