
Frequency	dB	Unweighted
19.5	48.2 
19.8	48.4 
20.1	48.6 
20.3	48.8 
20.6	48.8 
20.9	49.1 
21.2	49.2 
21.6	49.3 
21.9	49.5 
22.2	49.7 
22.5	49.8 
22.8	50.1 
23.2	50.1 
23.5	50.3 
23.8	50.6 
24.2	50.7 
24.5	50.8 
24.9	50.9 
25.3	51.3 
25.6	51.4 
26	51.6   
26.4	51.7 
26.8	52   
27.2	52.1 
27.5	52.4 
28	52.5   
28.4	52.7 
28.8	52.8 
29.2	53.1 
29.6	53.3 
30	53.4   
30.5	53.6 
30.9	53.8 
31.4	53.9 
31.8	54.2 
32.3	54.3 
32.8	54.5 
33.2	54.7 
33.7	54.9 
34.2	55.1 
34.7	55.3 
35.2	55.4 
35.7	55.6 
36.2	55.8 
36.8	55.9 
37.3	56.2 
37.9	56.4 
38.4	56.5 
39	56.6   
39.5	56.7 
40.1	56.9 
40.7	57.1 
41.3	57.3 
41.9	57.4 
42.5	57.7 
43.1	57.7 
43.7	58   
44.4	58   
45	58.3   
45.7	58.4 
46.3	58.5 
47	58.7   
47.7	58.8 
48.4	58.9 
49.1	59.1 
49.8	59.1 
50.5	59.4 
51.3	59.3 
52	59.4   
52.8	59.6 
53.5	59.7 
54.3	59.8 
55.1	59.9 
55.9	59.9 
56.7	60   
57.5	60.3 
58.4	60.2 
59.2	60.4 
60.1	60.4 
61	60.4   
61.8	60.5 
62.7	60.6 
63.7	60.6 
64.6	60.7 
65.5	60.7 
66.5	60.8 
67.4	60.8 
68.4	60.7 
69.4	60.8 
70.4	60.9 
71.5	60.9 
72.5	60.8 
73.5	60.8 
74.6	60.8 
75.7	60.8 
76.8	60.7 
77.9	60.7 
79.1	60.8 
80.2	60.8 
81.4	60.7 
82.6	60.7 
83.8	60.8 
85	60.7   
86.2	60.8 
87.5	60.7 
88.7	60.8 
90	60.8   
91.3	60.7 
92.7	60.8 
94	60.7   
95.4	60.7 
96.8	60.6 
98.2	60.6 
99.6	60.7 
101	60.6  
103	60.7  
104	60.7  
106	60.6  
107	60.6  
109	60.6  
110	60.6  
112	60.6  
113	60.6  
115	60.6  
117	60.4  
118	60.6  
120	60.5  
122	60.4  
124	60.4  
125	60.4  
127	60.3  
129	60.3  
131	60.5  
133	60.3  
135	60.4  
137	60.3  
139	60.3  
141	60.3  
143	60.3  
145	60.3  
147	60.2  
149	60.2  
151	60.2  
154	60.3  
156	60.1  
158	60.2  
160	60.1  
163	60.1  
165	60    
168	60.1  
170	60.1  
172	60    
175	60    
177	60    
180	60    
183	59.9  
185	60    
188	59.9  
191	59.9  
194	59.8  
196	59.8  
199	59.9  
202	59.9  
205	59.7  
208	59.7  
211	59.8  
214	59.7  
217	59.8  
220	59.7  
224	59.7  
227	59.6  
230	59.7  
234	59.6  
237	59.6  
240	59.6  
244	59.5  
247	59.6  
251	59.6  
255	59.5  
258	59.5  
262	59.4  
266	59.5  
270	59.4  
274	59.3  
278	59.5  
282	59.4  
286	59.3  
290	59.4  
294	59.3  
298	59.3  
303	59.2  
307	59.3  
312	59.1  
316	59.1  
321	59.2  
325	59.2  
330	59.2  
335	59.2  
340	59.1  
345	59.1  
350	59.2  
355	59.1  
360	59    
365	59.1  
371	59.1  
376	59    
382	59.1  
387	59    
393	59.1  
398	59    
404	59    
410	58.9  
416	58.8  
422	58.8  
428	59    
434	58.9  
441	58.9  
447	59    
454	58.8  
460	58.9  
467	58.7  
474	58.9  
481	58.8  
488	58.8  
495	58.7  
502	58.7  
509	58.9  
517	58.7  
524	58.8  
532	58.8  
540	58.7  
547	58.8  
555	58.8  
563	58.9  
572	58.7  
580	58.7  
588	58.7  
597	58.8  
606	58.9  
614	58.8  
623	58.7  
632	58.8  
642	58.8  
651	58.8  
660	58.8  
670	58.8  
680	58.7  
690	58.9  
700	58.8  
710	58.8  
720	58.9  
731	58.9  
741	58.8  
752	58.9  
763	58.9  
774	58.9  
785	59    
797	59    
808	59    
820	59.1  
832	59.1  
844	59.1  
856	59.1  
869	59.2  
882	59.2  
894	59.1  
907	59.3  
921	59.3  
934	59.3  
948	59.3  
961	59.5  
975	59.3  
990	59.5  
1004	59.4 
1019	59.6 
1033	59.6 
1048	59.6 
1064	59.8 
1079	59.7 
1095	59.9 
1111	59.9 
1127	59.9 
1143	60   
1160	60.2 
1177	60.1 
1194	60.3 
1211	60.4 
1229	60.4 
1247	60.5 
1265	60.7 
1283	60.6 
1302	60.8 
1321	60.7 
1340	61   
1360	61   
1379	61.1 
1399	61.2 
1420	61.3 
1440	61.5 
1461	61.5 
1483	61.7 
1504	61.8 
1526	62.1 
1548	62.2 
1571	62.4 
1594	62.4 
1617	62.7 
1640	62.8 
1664	63.1 
1688	63.3 
1713	63.4 
1738	63.7 
1763	63.9 
1789	64.2 
1815	64.3 
1841	64.5 
1868	64.9 
1895	65.2 
1923	65.4 
1951	65.8 
1979	66.1 
2008	66.4 
2037	66.7 
2067	67   
2097	67.3 
2127	67.6 
2158	67.7 
2190	68   
2221	68.3 
2254	68.4 
2287	68.6 
2320	68.7 
2354	68.9 
2388	68.7 
2423	68.8 
2458	68.6 
2494	68.3 
2530	68.2 
2567	67.8 
2604	67.8 
2642	67.3 
2680	67.1 
2719	66.8 
2759	66.5 
2799	66.4 
2840	66.1 
2881	65.9 
2923	65.7 
2965	65.6 
3008	65.5 
3052	65.4 
3097	65.4 
3142	65.5 
3187	65.5 
3234	65.5 
3281	65.5 
3328	65.4 
3377	65.5 
3426	65.5 
3476	65.5 
3526	65.4 
3578	65.3 
3630	65.1 
3682	64.9 
3736	64.4 
3790	64   
3846	63.4 
3901	62.9 
3958	62.3 
4016	61.8 
4074	61.2 
4133	60.7 
4194	60.2 
4255	59.8 
4316	59.7 
4379	59.4 
4443	59.2 
4508	59   
4573	58.9 
4640	58.9 
4707	58.7 
4776	58.6 
4845	58.7 
4916	58.5 
4987	58.5 
5060	58.4 
5133	58.6 
5208	58.5 
5284	58.5 
5360	58.6 
5438	58.6 
5518	58.6 
5598	58.3 
5679	58.3 
5762	58   
5846	57.9 
5931	58   
6017	58.2 
6104	58.3 
6193	58.4 
6283	58.6 
6375	58.7 
6467	58.4 
6561	58.1 
6657	57.7 
6754	57.5 
6852	57.2 
6952	57.1 
7053	57   
7155	56.9 
7259	56.7 
7365	56.4 
7472	56.2 
7581	55.8 
7691	55.7 
7803	55.5 
7916	55.3 
8032	55   
8148	55   
8267	55.2 
8387	55.1 
8509	54.9 
8633	54.6 
8758	54.2 
8886	53.7 
9015	53.4 
9146	53.1 
9279	53   
9414	52.7 
9551	52.6 
9690	52.5 
9831	52.4 
9974	52.5 
10119	52.7
10266	52.5
10416	52.2
10567	51.9
10721	51.6
10877	51.5
11035	51.6
11196	51.6
11358	51.7
11524	51.4
11691	51.7
11861	51.7
12034	51.8
12209	51.7
12386	51.6
12567	51.6
12749	51.3
12935	51.3
13123	51.4
13314	51.6
13507	51.9
13704	51.5
13903	51.4
14105	51.3
14311	51.2
14519	51.3
14730	51.5
14944	51.6
15162	51.3
15382	51.3
15606	51.3
15833	51.2
16063	51.3
16297	51.5
16534	51.4
16774	51.2
17018	51.2
17266	51.2
17517	51.5
17772	51.2
18030	51.2
18293	51.2
18559	51.1
18829	51.3
19102	51.1
19380	51  
20000	51.2
overall dB	0.0 dB
decay	Average
averaging	No Smoothing
source	Totally Made Up


saved	--/-/--, --:-- AM
peak	0.0Hz
