
Frequency	dB	Unweighted
19.5	47.4 
19.8	47.5 
20.1	47.6 
20.3	47.6 
20.6	47.7 
20.9	47.8 
21.2	48   
21.6	48   
21.9	48.1 
22.2	48.1 
22.5	48.4 
22.8	48.5 
23.2	48.6 
23.5	48.8 
23.8	48.8 
24.2	49   
24.5	49.1 
24.9	49.1 
25.3	49.3 
25.6	49.4 
26	49.5   
26.4	49.7 
26.8	49.7 
27.2	50   
27.5	50.1 
28	50.3   
28.4	50.4 
28.8	50.5 
29.2	50.6 
29.6	50.7 
30	50.9   
30.5	51   
30.9	51.2 
31.4	51.2 
31.8	51.3 
32.3	51.5 
32.8	51.6 
33.2	51.7 
33.7	51.9 
34.2	51.9 
34.7	52   
35.2	52.3 
35.7	52.4 
36.2	52.5 
36.8	52.6 
37.3	52.7 
37.9	52.9 
38.4	53   
39	53.1   
39.5	53.2 
40.1	53.3 
40.7	53.3 
41.3	53.6 
41.9	53.7 
42.5	53.7 
43.1	53.8 
43.7	53.9 
44.4	54   
45	54.2   
45.7	54.2 
46.3	54.4 
47	54.5   
47.7	54.5 
48.4	54.7 
49.1	54.8 
49.8	54.8 
50.5	54.8 
51.3	55   
52	55     
52.8	55.1 
53.5	55.3 
54.3	55.3 
55.1	55.3 
55.9	55.3 
56.7	55.5 
57.5	55.6 
58.4	55.6 
59.2	55.7 
60.1	55.7 
61	55.7   
61.8	55.9 
62.7	55.8 
63.7	55.8 
64.6	55.8 
65.5	56   
66.5	56   
67.4	56   
68.4	55.9 
69.4	56   
70.4	55.9 
71.5	56   
72.5	56   
73.5	56   
74.6	56.1 
75.7	55.9 
76.8	56   
77.9	55.9 
79.1	55.9 
80.2	55.9 
81.4	55.9 
82.6	56   
83.8	55.9 
85	56     
86.2	56   
87.5	56   
88.7	56   
90	55.9   
91.3	55.9 
92.7	55.8 
94	55.8   
95.4	55.8 
96.8	55.9 
98.2	55.9 
99.6	55.8 
101	55.8  
103	55.8  
104	55.8  
106	55.8  
107	55.6  
109	55.8  
110	55.6  
112	55.6  
113	55.7  
115	55.6  
117	55.7  
118	55.6  
120	55.6  
122	55.6  
124	55.5  
125	55.5  
127	55.5  
129	55.4  
131	55.6  
133	55.5  
135	55.5  
137	55.4  
139	55.5  
141	55.4  
143	55.3  
145	55.4  
147	55.3  
149	55.3  
151	55.2  
154	55.3  
156	55.2  
158	55.3  
160	55.2  
163	55.2  
165	55.1  
168	55.1  
170	55.1  
172	55.2  
175	55.1  
177	55    
180	54.9  
183	55    
185	55    
188	55    
191	54.9  
194	54.9  
196	54.9  
199	55    
202	54.9  
205	54.8  
208	54.8  
211	54.7  
214	54.7  
217	54.8  
220	54.6  
224	54.6  
227	54.8  
230	54.6  
234	54.6  
237	54.6  
240	54.6  
244	54.6  
247	54.5  
251	54.6  
255	54.4  
258	54.4  
262	54.4  
266	54.3  
270	54.5  
274	54.4  
278	54.4  
282	54.3  
286	54.3  
290	54.3  
294	54.3  
298	54.2  
303	54.3  
307	54.2  
312	54.3  
316	54.1  
321	54.1  
325	54.1  
330	54    
335	54.1  
340	54.1  
345	54    
350	54.1  
355	53.9  
360	54    
365	53.9  
371	54    
376	54    
382	53.8  
387	53.8  
393	53.9  
398	53.9  
404	53.8  
410	53.8  
416	53.7  
422	53.8  
428	53.8  
434	53.7  
441	53.7  
447	53.6  
454	53.7  
460	53.8  
467	53.6  
474	53.6  
481	53.6  
488	53.5  
495	53.5  
502	53.6  
509	53.6  
517	53.6  
524	53.5  
532	53.6  
540	53.6  
547	53.5  
555	53.5  
563	53.5  
572	53.5  
580	53.4  
588	53.5  
597	53.5  
606	53.5  
614	53.3  
623	53.5  
632	53.4  
642	53.4  
651	53.4  
660	53.4  
670	53.4  
680	53.3  
690	53.5  
700	53.4  
710	53.3  
720	53.3  
731	53.4  
741	53.3  
752	53.3  
763	53.5  
774	53.5  
785	53.3  
797	53.4  
808	53.4  
820	53.3  
832	53.5  
844	53.4  
856	53.4  
869	53.5  
882	53.5  
894	53.5  
907	53.6  
921	53.5  
934	53.5  
948	53.6  
961	53.6  
975	53.5  
990	53.6  
1004	53.5 
1019	53.6 
1033	53.6 
1048	53.6 
1064	53.8 
1079	53.8 
1095	53.7 
1111	53.7 
1127	53.7 
1143	53.8 
1160	53.8 
1177	53.8 
1194	53.9 
1211	54   
1229	53.9 
1247	53.9 
1265	54   
1283	54.1 
1302	54   
1321	54.1 
1340	54.2 
1360	54.1 
1379	54.2 
1399	54.2 
1420	54.2 
1440	54.3 
1461	54.4 
1483	54.4 
1504	54.5 
1526	54.5 
1548	54.5 
1571	54.5 
1594	54.6 
1617	54.5 
1640	54.7 
1664	54.8 
1688	54.9 
1713	54.9 
1738	54.8 
1763	54.9 
1789	55   
1815	55   
1841	55   
1868	55.1 
1895	55.2 
1923	55.2 
1951	55.3 
1979	55.4 
2008	55.6 
2037	55.6 
2067	55.7 
2097	55.7 
2127	55.7 
2158	55.9 
2190	56   
2221	56   
2254	56.1 
2287	56.4 
2320	56.4 
2354	56.4 
2388	56.7 
2423	56.8 
2458	56.8 
2494	57   
2530	57   
2567	57.3 
2604	57.3 
2642	57.4 
2680	57.8 
2719	57.7 
2759	57.9 
2799	58.2 
2840	58.3 
2881	58.6 
2923	58.8 
2965	58.8 
3008	59   
3052	59.4 
3097	59.6 
3142	59.8 
3187	60   
3234	60.3 
3281	60.5 
3328	60.9 
3377	61   
3426	61.3 
3476	61.7 
3526	61.9 
3578	62.1 
3630	62.5 
3682	62.7 
3736	63   
3790	63.1 
3846	63.4 
3901	63.7 
3958	63.8 
4016	63.8 
4074	64   
4133	64   
4194	64.1 
4255	64   
4316	63.9 
4379	63.6 
4443	63.3 
4508	62.8 
4573	62.1 
4640	61.3 
4707	60.2 
4776	58.8 
4845	57.5 
4916	55.8 
4987	54   
5060	52.5 
5133	51.1 
5208	50.3 
5284	50.2 
5360	50.4 
5438	51.5 
5518	52.7 
5598	53.9 
5679	55   
5762	55.9 
5846	56.2 
5931	56.4 
6017	56.2 
6104	55.7 
6193	55.1 
6283	54.2 
6375	53.2 
6467	52.2 
6561	51.4 
6657	50.5 
6754	50.2 
6852	50   
6952	50   
7053	50.6 
7155	51.1 
7259	51.8 
7365	52.3 
7472	52.8 
7581	53.1 
7691	52.9 
7803	52.4 
7916	51.8 
8032	50.7 
8148	50   
8267	49.9 
8387	50.2 
8509	50.7 
8633	51.3 
8758	51.3 
8886	51.2 
9015	51.1 
9146	50.9 
9279	50.7 
9414	50.5 
9551	50.3 
9690	50.1 
9831	50   
9974	49.4 
10119	48.7
10266	47.5
10416	47  
10567	47  
10721	47.2
10877	47.5
11035	47.8
11196	48.1
11358	48.3
11524	48.6
11691	48.7
11861	48.5
12034	47.8
12209	47.4
12386	47.9
12567	48.3
12749	48.6
12935	48.5
13123	48.5
13314	48.4
13507	47.6
13704	46.6
13903	46.8
14105	47.6
14311	48.1
14519	48.2
14730	48.2
14944	47.9
15162	47.4
15382	47.6
15606	48.1
15833	47.9
16063	47.7
16297	47.2
16534	46.6
16774	47.5
17018	47.9
17266	48  
17517	47.7
17772	47.2
18030	47.7
18293	47.5
18559	47.2
18829	46.8
19102	47.5
19380	47.8
20000	47  
overall dB	0.0 dB
decay	Average
averaging	No Smoothing
source	Totally Made Up


saved	--/-/--, --:-- AM
peak	0.0Hz
