
Frequency	dB	Unweighted
19.5	47.4 
19.8	47.5 
20.1	47.7 
20.3	47.8 
20.6	47.8 
20.9	48   
21.2	48.1 
21.6	48.2 
21.9	48.4 
22.2	48.4 
22.5	48.5 
22.8	48.7 
23.2	48.8 
23.5	48.8 
23.8	49.1 
24.2	49.1 
24.5	49.1 
24.9	49.3 
25.3	49.5 
25.6	49.6 
26	49.6   
26.4	49.8 
26.8	49.9 
27.2	50.1 
27.5	50.2 
28	50.4   
28.4	50.4 
28.8	50.6 
29.2	50.7 
29.6	50.9 
30	51     
30.5	51.1 
30.9	51.2 
31.4	51.2 
31.8	51.5 
32.3	51.6 
32.8	51.8 
33.2	51.9 
33.7	51.8 
34.2	52.1 
34.7	52.2 
35.2	52.3 
35.7	52.4 
36.2	52.6 
36.8	52.6 
37.3	52.8 
37.9	53   
38.4	53   
39	53.1   
39.5	53.3 
40.1	53.3 
40.7	53.5 
41.3	53.7 
41.9	53.6 
42.5	53.7 
43.1	53.9 
43.7	54.1 
44.4	54.1 
45	54.2   
45.7	54.3 
46.3	54.3 
47	54.5   
47.7	54.5 
48.4	54.7 
49.1	54.7 
49.8	54.8 
50.5	54.9 
51.3	55.1 
52	55     
52.8	55.2 
53.5	55.2 
54.3	55.3 
55.1	55.3 
55.9	55.3 
56.7	55.6 
57.5	55.6 
58.4	55.6 
59.2	55.7 
60.1	55.7 
61	55.8   
61.8	55.8 
62.7	55.8 
63.7	55.8 
64.6	56   
65.5	55.9 
66.5	55.9 
67.4	56   
68.4	55.9 
69.4	55.9 
70.4	56   
71.5	55.9 
72.5	56.1 
73.5	56   
74.6	55.9 
75.7	56   
76.8	56   
77.9	56   
79.1	55.9 
80.2	55.9 
81.4	55.8 
82.6	56   
83.8	55.9 
85	55.8   
86.2	55.8 
87.5	55.9 
88.7	55.9 
90	55.8   
91.3	55.7 
92.7	55.9 
94	55.8   
95.4	55.8 
96.8	55.7 
98.2	55.7 
99.6	55.8 
101	55.7  
103	55.8  
104	55.6  
106	55.6  
107	55.7  
109	55.5  
110	55.6  
112	55.5  
113	55.6  
115	55.5  
117	55.5  
118	55.5  
120	55.5  
122	55.5  
124	55.5  
125	55.4  
127	55.3  
129	55.4  
131	55.3  
133	55.3  
135	55.4  
137	55.3  
139	55.3  
141	55.2  
143	55.1  
145	55.2  
147	55.1  
149	55.2  
151	55.1  
154	55.2  
156	55    
158	55    
160	54.9  
163	54.9  
165	54.9  
168	55    
170	54.9  
172	54.9  
175	54.8  
177	54.8  
180	54.8  
183	54.8  
185	54.6  
188	54.6  
191	54.8  
194	54.7  
196	54.7  
199	54.7  
202	54.5  
205	54.6  
208	54.4  
211	54.4  
214	54.4  
217	54.3  
220	54.5  
224	54.3  
227	54.2  
230	54.4  
234	54.4  
237	54.2  
240	54.2  
244	54.3  
247	54.1  
251	54.2  
255	54    
258	54    
262	54.1  
266	54    
270	54.1  
274	54.1  
278	53.9  
282	54    
286	53.9  
290	53.9  
294	53.8  
298	53.7  
303	53.7  
307	53.7  
312	53.7  
316	53.7  
321	53.6  
325	53.7  
330	53.5  
335	53.7  
340	53.5  
345	53.5  
350	53.6  
355	53.5  
360	53.4  
365	53.4  
371	53.4  
376	53.3  
382	53.4  
387	53.4  
393	53.4  
398	53.3  
404	53.2  
410	53.3  
416	53.2  
422	53.2  
428	53.1  
434	53.1  
441	53.3  
447	53.1  
454	53.1  
460	53.1  
467	53    
474	53.1  
481	53.1  
488	53    
495	53    
502	53    
509	53    
517	53.1  
524	53    
532	52.9  
540	52.9  
547	52.9  
555	53    
563	53    
572	52.9  
580	52.9  
588	53    
597	53    
606	52.9  
614	53    
623	53    
632	52.9  
642	52.8  
651	52.9  
660	52.9  
670	52.9  
680	52.8  
690	52.9  
700	52.9  
710	52.9  
720	52.8  
731	53    
741	52.8  
752	52.8  
763	52.9  
774	52.9  
785	53    
797	53    
808	52.9  
820	52.9  
832	52.9  
844	53    
856	53.1  
869	53    
882	53.1  
894	53    
907	53.1  
921	53.1  
934	53.1  
948	53.1  
961	53.2  
975	53.3  
990	53.3  
1004	53.3 
1019	53.2 
1033	53.3 
1048	53.4 
1064	53.4 
1079	53.4 
1095	53.4 
1111	53.5 
1127	53.5 
1143	53.6 
1160	53.6 
1177	53.8 
1194	53.7 
1211	53.9 
1229	53.8 
1247	53.9 
1265	53.9 
1283	54   
1302	54   
1321	54   
1340	54.2 
1360	54.3 
1379	54.2 
1399	54.2 
1420	54.4 
1440	54.5 
1461	54.5 
1483	54.6 
1504	54.6 
1526	54.7 
1548	54.9 
1571	54.9 
1594	55   
1617	55.2 
1640	55.1 
1664	55.3 
1688	55.5 
1713	55.5 
1738	55.7 
1763	55.7 
1789	55.9 
1815	55.9 
1841	56   
1868	56.1 
1895	56.4 
1923	56.6 
1951	56.5 
1979	56.8 
2008	57   
2037	57.1 
2067	57.3 
2097	57.5 
2127	57.7 
2158	57.9 
2190	58.1 
2221	58.1 
2254	58.4 
2287	58.7 
2320	58.8 
2354	59.2 
2388	59.3 
2423	59.6 
2458	59.9 
2494	60.1 
2530	60.6 
2567	60.8 
2604	61.2 
2642	61.5 
2680	61.8 
2719	62.2 
2759	62.4 
2799	62.6 
2840	63   
2881	63.1 
2923	63.3 
2965	63.5 
3008	63.4 
3052	63.4 
3097	63.4 
3142	63.3 
3187	63.1 
3234	62.9 
3281	62.8 
3328	62.5 
3377	62.5 
3426	62.5 
3476	62.3 
3526	62.3 
3578	62.3 
3630	62.3 
3682	62.1 
3736	61.9 
3790	61.6 
3846	61.3 
3901	61.1 
3958	60.8 
4016	60.4 
4074	60   
4133	59.6 
4194	59.3 
4255	58.9 
4316	58.6 
4379	58.4 
4443	58   
4508	57.7 
4573	57.5 
4640	57.4 
4707	57.1 
4776	57.1 
4845	57.2 
4916	57.1 
4987	57.1 
5060	57   
5133	57   
5208	57   
5284	57.1 
5360	57.1 
5438	57.3 
5518	57.4 
5598	57.5 
5679	57.4 
5762	57   
5846	56.7 
5931	56.2 
6017	55.6 
6104	55.1 
6193	54.7 
6283	54.3 
6375	53.9 
6467	53.7 
6561	53.2 
6657	52.9 
6754	52.6 
6852	52.4 
6952	52.2 
7053	52.2 
7155	52.2 
7259	52   
7365	52   
7472	51.7 
7581	51.5 
7691	51.2 
7803	51.1 
7916	50.7 
8032	50.5 
8148	50.1 
8267	50   
8387	49.9 
8509	49.8 
8633	49.7 
8758	49.6 
8886	49.5 
9015	49.5 
9146	49.3 
9279	49.2 
9414	49.2 
9551	48.9 
9690	48.7 
9831	48.3 
9974	48   
10119	47.7
10266	47.2
10416	47.3
10567	47.3
10721	47.2
10877	47.2
11035	47.1
11196	46.8
11358	46.8
11524	46.9
11691	46.9
11861	47.1
12034	47.1
12209	47.3
12386	47.3
12567	47.2
12749	46.9
12935	46.6
13123	46.8
13314	46.8
13507	46.6
13704	46.5
13903	46.5
14105	46.5
14311	46.5
14519	46.5
14730	46.9
14944	46.8
15162	46.6
15382	46.5
15606	46.4
15833	46.3
16063	46.3
16297	46.4
16534	46.2
16774	46.4
17018	46.5
17266	46.6
17517	46.3
17772	46.2
18030	46.2
18293	46.2
18559	46.1
18829	46.2
19102	46.2
19380	46.3
20000	46.2
overall dB	0.0 dB
decay	Average
averaging	No Smoothing
source	Totally Made Up


saved	--/-/--, --:-- AM
peak	0.0Hz
