
Frequency	dB	Unweighted
19.5	47.7 
19.8	47.9 
20.1	48   
20.3	48.1 
20.6	48.2 
20.9	48.3 
21.2	48.4 
21.6	48.5 
21.9	48.6 
22.2	48.7 
22.5	48.8 
22.8	48.9 
23.2	49.1 
23.5	49.2 
23.8	49.2 
24.2	49.4 
24.5	49.4 
24.9	49.7 
25.3	49.8 
25.6	49.9 
26	49.9   
26.4	50   
26.8	50.2 
27.2	50.4 
27.5	50.4 
28	50.6   
28.4	50.8 
28.8	50.7 
29.2	50.9 
29.6	51.1 
30	51.1   
30.5	51.3 
30.9	51.4 
31.4	51.5 
31.8	51.6 
32.3	51.8 
32.8	52   
33.2	51.9 
33.7	52.1 
34.2	52.2 
34.7	52.5 
35.2	52.4 
35.7	52.7 
36.2	52.8 
36.8	52.8 
37.3	52.9 
37.9	53.2 
38.4	53.2 
39	53.4   
39.5	53.5 
40.1	53.5 
40.7	53.7 
41.3	53.7 
41.9	53.9 
42.5	53.9 
43.1	54   
43.7	54.2 
44.4	54.3 
45	54.4   
45.7	54.6 
46.3	54.5 
47	54.6   
47.7	54.7 
48.4	54.9 
49.1	55   
49.8	55.1 
50.5	55.1 
51.3	55.1 
52	55.2   
52.8	55.4 
53.5	55.4 
54.3	55.4 
55.1	55.5 
55.9	55.6 
56.7	55.6 
57.5	55.8 
58.4	55.7 
59.2	55.9 
60.1	55.9 
61	55.9   
61.8	55.9 
62.7	55.9 
63.7	56.1 
64.6	56   
65.5	56   
66.5	56   
67.4	56.1 
68.4	56.2 
69.4	56.1 
70.4	56.1 
71.5	56.2 
72.5	56.1 
73.5	56.2 
74.6	56.1 
75.7	56.2 
76.8	56   
77.9	56   
79.1	56.1 
80.2	56   
81.4	56.1 
82.6	56.1 
83.8	56   
85	56     
86.2	55.9 
87.5	56.1 
88.7	56.1 
90	56     
91.3	56   
92.7	55.9 
94	55.9   
95.4	55.9 
96.8	55.8 
98.2	55.8 
99.6	55.9 
101	56    
103	55.7  
104	55.7  
106	55.9  
107	55.8  
109	55.7  
110	55.8  
112	55.8  
113	55.7  
115	55.8  
117	55.7  
118	55.6  
120	55.6  
122	55.6  
124	55.5  
125	55.6  
127	55.5  
129	55.5  
131	55.5  
133	55.5  
135	55.5  
137	55.4  
139	55.4  
141	55.5  
143	55.4  
145	55.4  
147	55.3  
149	55.4  
151	55.3  
154	55.2  
156	55.2  
158	55.1  
160	55.1  
163	55.1  
165	55.1  
168	55.1  
170	55.1  
172	55.1  
175	55    
177	55    
180	55    
183	55    
185	54.8  
188	54.8  
191	54.9  
194	54.8  
196	54.7  
199	54.8  
202	54.7  
205	54.7  
208	54.6  
211	54.7  
214	54.7  
217	54.5  
220	54.6  
224	54.4  
227	54.5  
230	54.5  
234	54.5  
237	54.4  
240	54.4  
244	54.3  
247	54.3  
251	54.3  
255	54.3  
258	54.2  
262	54.3  
266	54.1  
270	54.2  
274	54.2  
278	54.1  
282	54    
286	54    
290	54    
294	54    
298	54    
303	54    
307	53.8  
312	53.8  
316	54    
321	53.8  
325	53.8  
330	53.9  
335	53.7  
340	53.7  
345	53.8  
350	53.7  
355	53.6  
360	53.7  
365	53.5  
371	53.5  
376	53.5  
382	53.6  
387	53.5  
393	53.5  
398	53.4  
404	53.6  
410	53.4  
416	53.5  
422	53.4  
428	53.4  
434	53.3  
441	53.3  
447	53.4  
454	53.3  
460	53.4  
467	53.3  
474	53.2  
481	53.3  
488	53.3  
495	53.3  
502	53.2  
509	53.3  
517	53.2  
524	53.3  
532	53.2  
540	53.2  
547	53.2  
555	53.2  
563	53.2  
572	53.2  
580	53.2  
588	53.1  
597	53.2  
606	53.2  
614	53.1  
623	53.1  
632	53    
642	53.1  
651	53.1  
660	53.1  
670	53.2  
680	53    
690	53.2  
700	53.1  
710	53.2  
720	53.2  
731	53.2  
741	53.2  
752	53.1  
763	53.1  
774	53.2  
785	53.2  
797	53.3  
808	53.3  
820	53.3  
832	53.3  
844	53.3  
856	53.4  
869	53.4  
882	53.4  
894	53.4  
907	53.4  
921	53.4  
934	53.5  
948	53.5  
961	53.4  
975	53.5  
990	53.6  
1004	53.7 
1019	53.8 
1033	53.8 
1048	53.9 
1064	53.7 
1079	53.8 
1095	54   
1111	54   
1127	54   
1143	54.1 
1160	54.1 
1177	54.2 
1194	54.2 
1211	54.3 
1229	54.5 
1247	54.5 
1265	54.5 
1283	54.6 
1302	54.6 
1321	54.9 
1340	54.8 
1360	55   
1379	55.1 
1399	55   
1420	55.2 
1440	55.2 
1461	55.3 
1483	55.5 
1504	55.6 
1526	55.7 
1548	55.8 
1571	55.9 
1594	56.1 
1617	56.1 
1640	56.3 
1664	56.4 
1688	56.7 
1713	56.6 
1738	57   
1763	57.2 
1789	57.1 
1815	57.5 
1841	57.6 
1868	57.7 
1895	58   
1923	58.1 
1951	58.4 
1979	58.7 
2008	59   
2037	59.2 
2067	59.4 
2097	59.6 
2127	60   
2158	60.2 
2190	60.5 
2221	60.9 
2254	61.2 
2287	61.6 
2320	61.9 
2354	62.2 
2388	62.6 
2423	62.8 
2458	63.1 
2494	63.3 
2530	63.6 
2567	63.9 
2604	64.2 
2642	64.3 
2680	64.3 
2719	64.6 
2759	64.5 
2799	64.5 
2840	64.4 
2881	64.3 
2923	64.2 
2965	64.1 
3008	63.8 
3052	63.6 
3097	63.3 
3142	62.8 
3187	62.3 
3234	61.8 
3281	61.4 
3328	60.9 
3377	60.5 
3426	60   
3476	59.5 
3526	59.3 
3578	58.8 
3630	58.4 
3682	58.3 
3736	58.2 
3790	58.1 
3846	58.2 
3901	58.2 
3958	58.4 
4016	58.7 
4074	59   
4133	59.4 
4194	59.8 
4255	60.2 
4316	60.4 
4379	60.6 
4443	60.8 
4508	60.5 
4573	60.2 
4640	59.6 
4707	59   
4776	58.2 
4845	57.3 
4916	56.6 
4987	55.9 
5060	55.2 
5133	54.8 
5208	54.3 
5284	53.8 
5360	53.6 
5438	53.3 
5518	53.2 
5598	53.1 
5679	53.2 
5762	53   
5846	52.9 
5931	52.8 
6017	52.7 
6104	52.8 
6193	52.6 
6283	52.5 
6375	52.6 
6467	52.5 
6561	52.4 
6657	52.3 
6754	52.2 
6852	52   
6952	51.8 
7053	51.6 
7155	51.7 
7259	51.8 
7365	51.9 
7472	52   
7581	52.1 
7691	52.1 
7803	52   
7916	51.7 
8032	51.2 
8148	50.6 
8267	50.2 
8387	49.9 
8509	49.7 
8633	49.6 
8758	49.5 
8886	49.3 
9015	49.2 
9146	49   
9279	48.9 
9414	48.7 
9551	48.6 
9690	48.4 
9831	48.4 
9974	48.5 
10119	48.7
10266	48.7
10416	48.5
10567	48.3
10721	47.8
10877	47.6
11035	47.6
11196	47.6
11358	47.6
11524	47.6
11691	47.5
11861	47.6
12034	47.4
12209	47.6
12386	48  
12567	47.9
12749	47.6
12935	47.4
13123	47.3
13314	47.4
13507	47.4
13704	47.3
13903	47.3
14105	47.2
14311	47.6
14519	47.5
14730	47.4
14944	47.2
15162	47.1
15382	47.2
15606	47.2
15833	47.2
16063	47.2
16297	47.4
16534	47.2
16774	47.1
17018	47  
17266	47.1
17517	47.1
17772	47  
18030	47.2
18293	47.1
18559	47.1
18829	47  
19102	47  
19380	46.9
20000	46.9
overall dB	0.0 dB
decay	Average
averaging	No Smoothing
source	Totally Made Up


saved	--/-/--, --:-- AM
peak	0.0Hz
