
Frequency	dB	Unweighted
19.5	49   
19.8	49.1 
20.1	49.3 
20.3	49.4 
20.6	49.7 
20.9	49.7 
21.2	49.9 
21.6	49.9 
21.9	50.3 
22.2	50.3 
22.5	50.5 
22.8	50.7 
23.2	50.7 
23.5	51   
23.8	51.1 
24.2	51.2 
24.5	51.4 
24.9	51.6 
25.3	51.7 
25.6	51.8 
26	52     
26.4	52.1 
26.8	52.4 
27.2	52.6 
27.5	52.7 
28	52.9   
28.4	53   
28.8	53.2 
29.2	53.3 
29.6	53.5 
30	53.6   
30.5	53.8 
30.9	53.9 
31.4	54.2 
31.8	54.3 
32.3	54.5 
32.8	54.7 
33.2	54.8 
33.7	55   
34.2	55.2 
34.7	55.3 
35.2	55.4 
35.7	55.6 
36.2	55.8 
36.8	56   
37.3	56.1 
37.9	56.3 
38.4	56.4 
39	56.6   
39.5	56.8 
40.1	56.9 
40.7	57   
41.3	57.3 
41.9	57.4 
42.5	57.4 
43.1	57.6 
43.7	57.7 
44.4	57.9 
45	57.9   
45.7	58.2 
46.3	58.2 
47	58.5   
47.7	58.4 
48.4	58.6 
49.1	58.7 
49.8	58.8 
50.5	59.1 
51.3	59   
52	59.2   
52.8	59.4 
53.5	59.5 
54.3	59.4 
55.1	59.6 
55.9	59.7 
56.7	59.6 
57.5	59.8 
58.4	59.9 
59.2	60   
60.1	60   
61	60     
61.8	60.1 
62.7	60.1 
63.7	60.2 
64.6	60.2 
65.5	60.2 
66.5	60.3 
67.4	60.4 
68.4	60.3 
69.4	60.3 
70.4	60.4 
71.5	60.5 
72.5	60.4 
73.5	60.3 
74.6	60.3 
75.7	60.4 
76.8	60.4 
77.9	60.3 
79.1	60.4 
80.2	60.3 
81.4	60.3 
82.6	60.2 
83.8	60.3 
85	60.2   
86.2	60.2 
87.5	60.3 
88.7	60.3 
90	60.3   
91.3	60.3 
92.7	60.2 
94	60.1   
95.4	60.2 
96.8	60.3 
98.2	60.1 
99.6	60.2 
101	60.1  
103	60    
104	60.2  
106	60    
107	60.1  
109	60.1  
110	60    
112	59.9  
113	60    
115	60    
117	59.9  
118	59.8  
120	59.9  
122	59.9  
124	59.8  
125	59.9  
127	59.8  
129	59.7  
131	59.8  
133	59.7  
135	59.8  
137	59.7  
139	59.7  
141	59.7  
143	59.7  
145	59.7  
147	59.5  
149	59.6  
151	59.6  
154	59.4  
156	59.4  
158	59.5  
160	59.4  
163	59.3  
165	59.4  
168	59.2  
170	59.3  
172	59.1  
175	59.3  
177	59.2  
180	59.1  
183	59.2  
185	59    
188	59    
191	59.1  
194	59    
196	59.1  
199	59    
202	59    
205	59    
208	58.8  
211	58.8  
214	58.9  
217	58.8  
220	58.7  
224	58.8  
227	58.7  
230	58.7  
234	58.6  
237	58.6  
240	58.6  
244	58.5  
247	58.4  
251	58.4  
255	58.5  
258	58.5  
262	58.3  
266	58.3  
270	58.3  
274	58.3  
278	58.2  
282	58.2  
286	58.1  
290	58.2  
294	58.1  
298	58.2  
303	58.2  
307	58.2  
312	58.1  
316	58.1  
321	58    
325	58    
330	57.9  
335	57.9  
340	57.8  
345	57.8  
350	57.7  
355	57.9  
360	57.8  
365	57.7  
371	57.8  
376	57.6  
382	57.7  
387	57.6  
393	57.6  
398	57.6  
404	57.6  
410	57.5  
416	57.6  
422	57.5  
428	57.6  
434	57.4  
441	57.5  
447	57.5  
454	57.4  
460	57.4  
467	57.5  
474	57.4  
481	57.2  
488	57.2  
495	57.3  
502	57.4  
509	57.3  
517	57.3  
524	57.3  
532	57.2  
540	57.2  
547	57.2  
555	57.3  
563	57.2  
572	57.1  
580	57.2  
588	57.1  
597	57.1  
606	57.1  
614	57.1  
623	57    
632	57.1  
642	57.1  
651	57.1  
660	57.2  
670	57.1  
680	57.1  
690	57.1  
700	57.1  
710	57.2  
720	57    
731	57.1  
741	57    
752	57    
763	57.2  
774	57.1  
785	57    
797	57    
808	57.1  
820	57.2  
832	57.1  
844	57.1  
856	57.2  
869	57.1  
882	57.1  
894	57.1  
907	57.2  
921	57.3  
934	57.2  
948	57.2  
961	57.2  
975	57.2  
990	57.2  
1004	57.4 
1019	57.5 
1033	57.5 
1048	57.4 
1064	57.6 
1079	57.4 
1095	57.5 
1111	57.5 
1127	57.6 
1143	57.7 
1160	57.6 
1177	57.7 
1194	57.8 
1211	57.8 
1229	57.8 
1247	58   
1265	58   
1283	57.9 
1302	57.9 
1321	58   
1340	58.2 
1360	58.2 
1379	58.3 
1399	58.2 
1420	58.3 
1440	58.3 
1461	58.4 
1483	58.5 
1504	58.6 
1526	58.6 
1548	58.7 
1571	58.7 
1594	58.8 
1617	59   
1640	58.9 
1664	59.1 
1688	59.2 
1713	59.2 
1738	59.4 
1763	59.3 
1789	59.4 
1815	59.6 
1841	59.7 
1868	59.7 
1895	59.8 
1923	60   
1951	60   
1979	60.1 
2008	60.3 
2037	60.4 
2067	60.5 
2097	60.7 
2127	60.9 
2158	61.1 
2190	61.2 
2221	61.3 
2254	61.5 
2287	61.5 
2320	61.7 
2354	62   
2388	62.2 
2423	62.4 
2458	62.5 
2494	62.7 
2530	62.9 
2567	63.2 
2604	63.4 
2642	63.8 
2680	64.1 
2719	64.3 
2759	64.5 
2799	64.9 
2840	65.1 
2881	65.3 
2923	65.7 
2965	66.1 
3008	66.5 
3052	66.6 
3097	67.1 
3142	67.3 
3187	67.7 
3234	68.1 
3281	68.5 
3328	68.8 
3377	69   
3426	69.3 
3476	69.4 
3526	69.4 
3578	69.3 
3630	69.2 
3682	69.1 
3736	68.6 
3790	68.1 
3846	67.5 
3901	66.7 
3958	66   
4016	65.1 
4074	64.2 
4133	63.4 
4194	62.9 
4255	62.6 
4316	62.6 
4379	62.6 
4443	62.9 
4508	63.1 
4573	63.3 
4640	63.4 
4707	63.5 
4776	63.4 
4845	63.4 
4916	63.2 
4987	62.9 
5060	62.6 
5133	62.3 
5208	61.8 
5284	61.7 
5360	61.4 
5438	61.1 
5518	60.9 
5598	60.5 
5679	60.3 
5762	60.1 
5846	59.8 
5931	59.6 
6017	59.5 
6104	59.4 
6193	59   
6283	58.7 
6375	58.3 
6467	57.9 
6561	57.4 
6657	57.1 
6754	56.9 
6852	57   
6952	57.3 
7053	57.5 
7155	57.5 
7259	57.2 
7365	57   
7472	56.9 
7581	56.6 
7691	56.3 
7803	56.1 
7916	56   
8032	55.6 
8148	55.4 
8267	55   
8387	54.4 
8509	54   
8633	53.9 
8758	54   
8886	54.1 
9015	53.9 
9146	53.8 
9279	53.6 
9414	53.3 
9551	53.1 
9690	52.9 
9831	52.5 
9974	52   
10119	51.9
10266	52  
10416	52.3
10567	52.2
10721	52.1
10877	52  
11035	52  
11196	51.7
11358	51.4
11524	51.5
11691	51.7
11861	51.7
12034	51.7
12209	51.7
12386	51.5
12567	51.1
12749	51.2
12935	51.4
13123	51.4
13314	51.4
13507	51.3
13704	51  
13903	51.1
14105	51.2
14311	51.3
14519	51.2
14730	51  
14944	50.9
15162	51  
15382	51.1
15606	51.1
15833	50.7
16063	51.1
16297	51.1
16534	51.1
16774	50.7
17018	50.8
17266	51  
17517	50.8
17772	50.7
18030	50.9
18293	50.9
18559	50.6
18829	50.9
19102	50.8
19380	50.5
20000	50.8
overall dB	0.0 dB
decay	Average
averaging	No Smoothing
source	Totally Made Up


saved	--/-/--, --:-- AM
peak	0.0Hz
