
Frequency	dB	Unweighted
19.5	48.9 
19.8	49.1 
20.1	49.3 
20.3	49.4 
20.6	49.5 
20.9	49.6 
21.2	49.7 
21.6	49.8 
21.9	50   
22.2	50.2 
22.5	50.3 
22.8	50.3 
23.2	50.5 
23.5	50.6 
23.8	50.9 
24.2	50.9 
24.5	51   
24.9	51.3 
25.3	51.3 
25.6	51.4 
26	51.6   
26.4	51.8 
26.8	52   
27.2	52.1 
27.5	52.3 
28	52.4   
28.4	52.6 
28.8	52.7 
29.2	52.7 
29.6	52.9 
30	53.2   
30.5	53.4 
30.9	53.3 
31.4	53.5 
31.8	53.6 
32.3	53.9 
32.8	54   
33.2	54.2 
33.7	54.3 
34.2	54.5 
34.7	54.6 
35.2	54.6 
35.7	54.9 
36.2	55   
36.8	55.1 
37.3	55.3 
37.9	55.5 
38.4	55.6 
39	55.6   
39.5	55.9 
40.1	55.9 
40.7	56.1 
41.3	56.2 
41.9	56.3 
42.5	56.6 
43.1	56.6 
43.7	56.8 
44.4	56.8 
45	56.9   
45.7	57.1 
46.3	57.1 
47	57.4   
47.7	57.4 
48.4	57.6 
49.1	57.6 
49.8	57.8 
50.5	57.8 
51.3	57.9 
52	58     
52.8	58.1 
53.5	58.2 
54.3	58.3 
55.1	58.4 
55.9	58.4 
56.7	58.5 
57.5	58.7 
58.4	58.7 
59.2	58.6 
60.1	58.8 
61	58.9   
61.8	58.8 
62.7	58.8 
63.7	58.9 
64.6	59   
65.5	59.1 
66.5	59   
67.4	59   
68.4	59.1 
69.4	59   
70.4	59.2 
71.5	59.1 
72.5	59.2 
73.5	59   
74.6	59.1 
75.7	59.1 
76.8	59.1 
77.9	59.1 
79.1	59.1 
80.2	59.1 
81.4	59   
82.6	59.1 
83.8	59.1 
85	59     
86.2	59   
87.5	58.9 
88.7	58.9 
90	58.9   
91.3	58.8 
92.7	58.9 
94	58.9   
95.4	58.9 
96.8	59   
98.2	58.9 
99.6	58.9 
101	58.8  
103	58.9  
104	58.7  
106	58.7  
107	58.7  
109	58.7  
110	58.8  
112	58.7  
113	58.6  
115	58.8  
117	58.7  
118	58.6  
120	58.7  
122	58.6  
124	58.7  
125	58.6  
127	58.6  
129	58.6  
131	58.5  
133	58.5  
135	58.4  
137	58.5  
139	58.4  
141	58.5  
143	58.3  
145	58.4  
147	58.4  
149	58.3  
151	58.2  
154	58.2  
156	58.1  
158	58.1  
160	58.2  
163	58.1  
165	58.1  
168	58    
170	58.1  
172	58    
175	58.1  
177	57.9  
180	57.9  
183	58    
185	57.8  
188	57.8  
191	57.8  
194	57.9  
196	57.8  
199	57.7  
202	57.8  
205	57.7  
208	57.6  
211	57.6  
214	57.6  
217	57.6  
220	57.5  
224	57.5  
227	57.5  
230	57.5  
234	57.4  
237	57.4  
240	57.3  
244	57.4  
247	57.3  
251	57.2  
255	57.2  
258	57.3  
262	57.1  
266	57.2  
270	57    
274	57.2  
278	57.1  
282	57.1  
286	57.1  
290	57    
294	57    
298	57    
303	56.9  
307	56.9  
312	56.8  
316	56.8  
321	56.8  
325	56.8  
330	56.9  
335	56.7  
340	56.6  
345	56.6  
350	56.6  
355	56.7  
360	56.6  
365	56.7  
371	56.5  
376	56.6  
382	56.5  
387	56.5  
393	56.4  
398	56.4  
404	56.5  
410	56.4  
416	56.5  
422	56.5  
428	56.3  
434	56.4  
441	56.4  
447	56.4  
454	56.3  
460	56.3  
467	56.3  
474	56.3  
481	56.2  
488	56.3  
495	56.2  
502	56.1  
509	56.2  
517	56.2  
524	56.2  
532	56.1  
540	56.1  
547	56.2  
555	56    
563	56.1  
572	56    
580	56.2  
588	56.1  
597	56    
606	56.1  
614	56.1  
623	56.1  
632	56.1  
642	56.1  
651	56    
660	56    
670	56    
680	56    
690	55.9  
700	56    
710	56.1  
720	56.1  
731	55.9  
741	56    
752	56.1  
763	55.9  
774	56    
785	56    
797	56.1  
808	56    
820	56    
832	56    
844	56.1  
856	56    
869	56.2  
882	56.2  
894	56.1  
907	56.2  
921	56.3  
934	56.2  
948	56.2  
961	56.3  
975	56.4  
990	56.4  
1004	56.3 
1019	56.4 
1033	56.5 
1048	56.5 
1064	56.4 
1079	56.4 
1095	56.5 
1111	56.7 
1127	56.7 
1143	56.6 
1160	56.6 
1177	56.8 
1194	56.7 
1211	56.8 
1229	56.9 
1247	57   
1265	57.1 
1283	57   
1302	57   
1321	57   
1340	57.1 
1360	57.2 
1379	57.2 
1399	57.4 
1420	57.5 
1440	57.4 
1461	57.5 
1483	57.6 
1504	57.7 
1526	57.7 
1548	57.7 
1571	57.8 
1594	58   
1617	58   
1640	58.2 
1664	58.3 
1688	58.3 
1713	58.4 
1738	58.4 
1763	58.6 
1789	58.7 
1815	58.8 
1841	58.9 
1868	59   
1895	59   
1923	59.3 
1951	59.3 
1979	59.5 
2008	59.6 
2037	59.8 
2067	59.9 
2097	59.9 
2127	60.1 
2158	60.3 
2190	60.4 
2221	60.7 
2254	61   
2287	61.1 
2320	61.2 
2354	61.6 
2388	61.7 
2423	62   
2458	62.1 
2494	62.3 
2530	62.6 
2567	62.5 
2604	62.6 
2642	62.5 
2680	62.3 
2719	62.1 
2759	61.8 
2799	61.4 
2840	60.9 
2881	60.8 
2923	60.4 
2965	60.5 
3008	60.7 
3052	61.3 
3097	62.3 
3142	63.3 
3187	64.3 
3234	65.2 
3281	66.3 
3328	67   
3377	67.5 
3426	67.8 
3476	68.1 
3526	67.8 
3578	67.8 
3630	67.6 
3682	67.3 
3736	67.1 
3790	66.7 
3846	66.4 
3901	66.2 
3958	65.8 
4016	65.3 
4074	65   
4133	64.6 
4194	64.3 
4255	63.8 
4316	63.4 
4379	63.1 
4443	62.5 
4508	61.9 
4573	61.1 
4640	60.4 
4707	59.7 
4776	59.7 
4845	59.7 
4916	60   
4987	60.3 
5060	60.2 
5133	59.8 
5208	59.7 
5284	59.4 
5360	59.2 
5438	59   
5518	58.9 
5598	58.7 
5679	58.4 
5762	58.3 
5846	57.8 
5931	57.4 
6017	57.4 
6104	57.8 
6193	58.5 
6283	58.6 
6375	58.9 
6467	59   
6561	59.3 
6657	59.3 
6754	59.5 
6852	59.4 
6952	58.9 
7053	58.5 
7155	58.5 
7259	58.5 
7365	57.8 
7472	57.3 
7581	56.8 
7691	56.1 
7803	55.5 
7916	54.6 
8032	54   
8148	54   
8267	53.7 
8387	53.4 
8509	53.2 
8633	53.1 
8758	52.6 
8886	52.3 
9015	52.4 
9146	52.2 
9279	52.1 
9414	51.8 
9551	51.4 
9690	51.2 
9831	51.4 
9974	51.2 
10119	51  
10266	50.6
10416	50.6
10567	50.6
10721	50.6
10877	50.4
11035	50.2
11196	50.5
11358	50.7
11524	50.8
11691	50.8
11861	51.1
12034	51.1
12209	50.8
12386	50.5
12567	50.3
12749	50.1
12935	49.9
13123	50  
13314	50.1
13507	49.8
13704	49.8
13903	49.9
14105	49.9
14311	49.9
14519	49.6
14730	49.8
14944	49.8
15162	49.9
15382	50.1
15606	50.2
15833	50.2
16063	49.9
16297	49.8
16534	49.5
16774	49.5
17018	49.5
17266	49.6
17517	49.5
17772	49.5
18030	49.5
18293	49.4
18559	49.5
18829	49.7
19102	49.7
19380	49.8
20000	49.3
overall dB	0.0 dB
decay	Average
averaging	No Smoothing
source	Totally Made Up


saved	--/-/--, --:-- AM
peak	0.0Hz
