
Frequency	dB	Unweighted
19.5	48.2 
19.8	48.5 
20.1	48.5 
20.3	48.7 
20.6	48.8 
20.9	48.9 
21.2	49   
21.6	49.2 
21.9	49.3 
22.2	49.6 
22.5	49.7 
22.8	49.8 
23.2	50   
23.5	50.2 
23.8	50.2 
24.2	50.5 
24.5	50.5 
24.9	50.7 
25.3	50.8 
25.6	51   
26	51.2   
26.4	51.3 
26.8	51.6 
27.2	51.7 
27.5	51.9 
28	52     
28.4	52.2 
28.8	52.3 
29.2	52.5 
29.6	52.7 
30	52.9   
30.5	53.1 
30.9	53.1 
31.4	53.3 
31.8	53.5 
32.3	53.7 
32.8	53.9 
33.2	54.1 
33.7	54.2 
34.2	54.3 
34.7	54.5 
35.2	54.6 
35.7	54.8 
36.2	55.1 
36.8	55.1 
37.3	55.3 
37.9	55.4 
38.4	55.5 
39	55.7   
39.5	55.9 
40.1	56.1 
40.7	56.2 
41.3	56.4 
41.9	56.5 
42.5	56.7 
43.1	56.8 
43.7	57   
44.4	57.1 
45	57.2   
45.7	57.4 
46.3	57.4 
47	57.5   
47.7	57.6 
48.4	57.9 
49.1	57.9 
49.8	58   
50.5	58   
51.3	58.3 
52	58.3   
52.8	58.5 
53.5	58.4 
54.3	58.6 
55.1	58.8 
55.9	58.8 
56.7	59   
57.5	59   
58.4	58.9 
59.2	59   
60.1	59.2 
61	59.2   
61.8	59.3 
62.7	59.4 
63.7	59.5 
64.6	59.4 
65.5	59.5 
66.5	59.4 
67.4	59.4 
68.4	59.6 
69.4	59.5 
70.4	59.5 
71.5	59.4 
72.5	59.6 
73.5	59.5 
74.6	59.5 
75.7	59.5 
76.8	59.4 
77.9	59.5 
79.1	59.5 
80.2	59.6 
81.4	59.5 
82.6	59.4 
83.8	59.5 
85	59.5   
86.2	59.5 
87.5	59.3 
88.7	59.5 
90	59.4   
91.3	59.3 
92.7	59.4 
94	59.4   
95.4	59.3 
96.8	59.3 
98.2	59.4 
99.6	59.4 
101	59.3  
103	59.4  
104	59.2  
106	59.3  
107	59.2  
109	59.2  
110	59.2  
112	59.2  
113	59.3  
115	59.2  
117	59.1  
118	59.1  
120	59.2  
122	59.1  
124	59.1  
125	59.2  
127	59    
129	59.1  
131	59.1  
133	59    
135	58.9  
137	59    
139	59    
141	59    
143	59    
145	59    
147	58.8  
149	58.9  
151	58.8  
154	58.9  
156	58.8  
158	58.8  
160	58.8  
163	58.8  
165	58.7  
168	58.8  
170	58.8  
172	58.7  
175	58.6  
177	58.6  
180	58.6  
183	58.6  
185	58.6  
188	58.5  
191	58.5  
194	58.4  
196	58.6  
199	58.4  
202	58.5  
205	58.3  
208	58.4  
211	58.3  
214	58.2  
217	58.4  
220	58.3  
224	58.2  
227	58.3  
230	58.2  
234	58.2  
237	58.2  
240	58.2  
244	58.1  
247	58.2  
251	58.2  
255	58.1  
258	58    
262	58.1  
266	58.1  
270	57.9  
274	58    
278	58    
282	57.9  
286	57.9  
290	58    
294	57.8  
298	57.7  
303	57.9  
307	57.8  
312	57.8  
316	57.7  
321	57.8  
325	57.6  
330	57.7  
335	57.7  
340	57.6  
345	57.6  
350	57.6  
355	57.7  
360	57.5  
365	57.5  
371	57.6  
376	57.5  
382	57.5  
387	57.4  
393	57.6  
398	57.5  
404	57.4  
410	57.5  
416	57.4  
422	57.4  
428	57.4  
434	57.4  
441	57.3  
447	57.4  
454	57.4  
460	57.3  
467	57.4  
474	57.3  
481	57.2  
488	57.3  
495	57.3  
502	57.2  
509	57.3  
517	57.3  
524	57.2  
532	57.3  
540	57.2  
547	57.2  
555	57.2  
563	57.2  
572	57.1  
580	57.1  
588	57.2  
597	57.2  
606	57.1  
614	57.2  
623	57.1  
632	57.1  
642	57.1  
651	57.1  
660	57    
670	57    
680	57.1  
690	57.1  
700	57.1  
710	57.1  
720	57.1  
731	57.1  
741	57.2  
752	57.2  
763	57.2  
774	57.1  
785	57.2  
797	57.1  
808	57.3  
820	57.3  
832	57.2  
844	57.1  
856	57.2  
869	57.2  
882	57.3  
894	57.2  
907	57.4  
921	57.2  
934	57.3  
948	57.4  
961	57.4  
975	57.4  
990	57.4  
1004	57.5 
1019	57.5 
1033	57.4 
1048	57.4 
1064	57.6 
1079	57.6 
1095	57.7 
1111	57.8 
1127	57.6 
1143	57.7 
1160	57.8 
1177	57.8 
1194	57.8 
1211	57.9 
1229	57.9 
1247	58   
1265	58.1 
1283	58.1 
1302	58   
1321	58.1 
1340	58.1 
1360	58.2 
1379	58.3 
1399	58.3 
1420	58.4 
1440	58.5 
1461	58.4 
1483	58.5 
1504	58.6 
1526	58.6 
1548	58.7 
1571	58.8 
1594	58.8 
1617	58.9 
1640	59   
1664	59.2 
1688	59.2 
1713	59.2 
1738	59.4 
1763	59.5 
1789	59.5 
1815	59.7 
1841	59.8 
1868	59.9 
1895	59.9 
1923	60   
1951	60.2 
1979	60.3 
2008	60.5 
2037	60.5 
2067	60.6 
2097	60.9 
2127	60.9 
2158	61.2 
2190	61.3 
2221	61.5 
2254	61.6 
2287	61.7 
2320	62   
2354	62.2 
2388	62.5 
2423	62.6 
2458	63   
2494	63.2 
2530	63.3 
2567	63.6 
2604	63.8 
2642	64.2 
2680	64.4 
2719	64.5 
2759	64.8 
2799	64.7 
2840	64.8 
2881	64.5 
2923	64.4 
2965	63.7 
3008	63.2 
3052	62.3 
3097	61.1 
3142	60.1 
3187	59.3 
3234	58.7 
3281	58.6 
3328	59   
3377	59.9 
3426	61   
3476	62.4 
3526	63.5 
3578	64.5 
3630	65.4 
3682	65.7 
3736	65.9 
3790	65.8 
3846	65.8 
3901	65.5 
3958	65   
4016	64.7 
4074	64.3 
4133	64   
4194	63.6 
4255	63.2 
4316	63   
4379	62.6 
4443	62.3 
4508	62   
4573	61.9 
4640	61.5 
4707	61   
4776	60.3 
4845	59.4 
4916	58.5 
4987	57.5 
5060	57.1 
5133	57.2 
5208	57.9 
5284	58.6 
5360	59   
5438	59.2 
5518	59.1 
5598	59   
5679	58.8 
5762	58.7 
5846	58.5 
5931	58.5 
6017	58.3 
6104	57.8 
6193	57   
6283	56.2 
6375	55.8 
6467	56.5 
6561	57.2 
6657	57.5 
6754	57.4 
6852	57.2 
6952	57.1 
7053	56.9 
7155	56.7 
7259	56   
7365	55.1 
7472	55   
7581	55.7 
7691	56.1 
7803	56.2 
7916	56.2 
8032	56.2 
8148	55.7 
8267	55   
8387	54.7 
8509	55.5 
8633	55.8 
8758	55.7 
8886	55.5 
9015	54.9 
9146	54   
9279	53.9 
9414	54.2 
9551	54   
9690	53.7 
9831	53   
9974	52.2 
10119	52.8
10266	52.9
10416	52.6
10567	52  
10721	51.5
10877	52.2
11035	52.3
11196	51.9
11358	51.4
11524	52.1
11691	52.3
11861	51.8
12034	51.4
12209	52.1
12386	51.9
12567	51.2
12749	51.9
12935	51.9
13123	51.3
13314	51.8
13507	52  
13704	51.3
13903	52.1
14105	52  
14311	51.9
14519	52.3
14730	51.6
14944	52.2
15162	51.8
15382	51.8
15606	51.7
15833	51.7
16063	51.6
16297	51.4
16534	51.3
16774	51.4
17018	51.1
17266	51.5
17517	50.9
17772	51.6
18030	51.4
18293	51  
18559	51.7
18829	51.5
19102	51.3
19380	51.6
20000	51.4
overall dB	0.0 dB
decay	Average
averaging	No Smoothing
source	Totally Made Up


saved	--/-/--, --:-- AM
peak	0.0Hz
