
Frequency	dB	Unweighted
19.5	48.4 
19.8	48.5 
20.1	48.5 
20.3	48.6 
20.6	48.6 
20.9	48.8 
21.2	49   
21.6	48.9 
21.9	49.1 
22.2	49.3 
22.5	49.3 
22.8	49.3 
23.2	49.4 
23.5	49.6 
23.8	49.7 
24.2	49.8 
24.5	49.9 
24.9	50   
25.3	50.2 
25.6	50.3 
26	50.5   
26.4	50.4 
26.8	50.6 
27.2	50.7 
27.5	50.9 
28	50.9   
28.4	51.1 
28.8	51.1 
29.2	51.2 
29.6	51.4 
30	51.6   
30.5	51.6 
30.9	51.8 
31.4	51.8 
31.8	52.1 
32.3	52.1 
32.8	52.2 
33.2	52.3 
33.7	52.4 
34.2	52.6 
34.7	52.7 
35.2	52.8 
35.7	52.8 
36.2	53   
36.8	53.1 
37.3	53.3 
37.9	53.4 
38.4	53.5 
39	53.5   
39.5	53.6 
40.1	53.9 
40.7	53.9 
41.3	54.1 
41.9	54.1 
42.5	54.1 
43.1	54.3 
43.7	54.4 
44.4	54.4 
45	54.6   
45.7	54.7 
46.3	54.7 
47	54.8   
47.7	54.8 
48.4	55   
49.1	55.1 
49.8	55.1 
50.5	55.3 
51.3	55.4 
52	55.4   
52.8	55.5 
53.5	55.4 
54.3	55.5 
55.1	55.7 
55.9	55.6 
56.7	55.7 
57.5	55.8 
58.4	55.8 
59.2	55.9 
60.1	56   
61	55.9   
61.8	56.1 
62.7	56   
63.7	56.1 
64.6	56.1 
65.5	56.1 
66.5	56.2 
67.4	56.2 
68.4	56.3 
69.4	56.3 
70.4	56.1 
71.5	56.2 
72.5	56.2 
73.5	56.2 
74.6	56.1 
75.7	56.2 
76.8	56.3 
77.9	56.1 
79.1	56.2 
80.2	56.2 
81.4	56.1 
82.6	56.2 
83.8	56.2 
85	56.1   
86.2	56.2 
87.5	56.1 
88.7	56.2 
90	56.1   
91.3	56.2 
92.7	56   
94	56.1   
95.4	56   
96.8	56.2 
98.2	56.1 
99.6	56.1 
101	56.1  
103	56    
104	56.1  
106	56    
107	56    
109	56    
110	56    
112	55.9  
113	55.9  
115	56    
117	55.9  
118	56    
120	56    
122	55.9  
124	55.8  
125	55.8  
127	55.8  
129	55.9  
131	55.8  
133	55.9  
135	55.8  
137	55.9  
139	55.8  
141	55.9  
143	55.8  
145	55.8  
147	55.8  
149	55.7  
151	55.7  
154	55.7  
156	55.6  
158	55.6  
160	55.6  
163	55.5  
165	55.5  
168	55.7  
170	55.6  
172	55.6  
175	55.6  
177	55.6  
180	55.5  
183	55.5  
185	55.5  
188	55.5  
191	55.4  
194	55.4  
196	55.3  
199	55.4  
202	55.3  
205	55.4  
208	55.3  
211	55.2  
214	55.2  
217	55.2  
220	55.3  
224	55.2  
227	55.2  
230	55.3  
234	55.3  
237	55.2  
240	55.2  
244	55.1  
247	55.1  
251	55.2  
255	55    
258	55.1  
262	55.1  
266	55    
270	55    
274	55    
278	55    
282	54.9  
286	54.9  
290	55    
294	54.9  
298	54.9  
303	55    
307	54.9  
312	55    
316	54.8  
321	54.8  
325	54.9  
330	54.8  
335	54.9  
340	54.7  
345	54.8  
350	54.8  
355	54.7  
360	54.7  
365	54.7  
371	54.7  
376	54.7  
382	54.7  
387	54.7  
393	54.7  
398	54.7  
404	54.6  
410	54.5  
416	54.6  
422	54.7  
428	54.6  
434	54.6  
441	54.7  
447	54.6  
454	54.6  
460	54.5  
467	54.6  
474	54.4  
481	54.5  
488	54.5  
495	54.5  
502	54.5  
509	54.6  
517	54.5  
524	54.5  
532	54.4  
540	54.5  
547	54.5  
555	54.5  
563	54.6  
572	54.5  
580	54.5  
588	54.5  
597	54.4  
606	54.5  
614	54.5  
623	54.5  
632	54.4  
642	54.5  
651	54.5  
660	54.6  
670	54.4  
680	54.5  
690	54.4  
700	54.5  
710	54.4  
720	54.6  
731	54.5  
741	54.4  
752	54.6  
763	54.6  
774	54.5  
785	54.5  
797	54.6  
808	54.6  
820	54.6  
832	54.5  
844	54.6  
856	54.6  
869	54.6  
882	54.7  
894	54.6  
907	54.7  
921	54.6  
934	54.6  
948	54.8  
961	54.7  
975	54.8  
990	54.8  
1004	54.8 
1019	54.8 
1033	54.9 
1048	55   
1064	54.9 
1079	55.1 
1095	55   
1111	55.1 
1127	55   
1143	55   
1160	55.1 
1177	55.3 
1194	55.2 
1211	55.3 
1229	55.4 
1247	55.3 
1265	55.4 
1283	55.4 
1302	55.4 
1321	55.6 
1340	55.7 
1360	55.6 
1379	55.8 
1399	55.7 
1420	55.8 
1440	55.9 
1461	56   
1483	56   
1504	56   
1526	56.2 
1548	56.2 
1571	56.2 
1594	56.3 
1617	56.4 
1640	56.4 
1664	56.4 
1688	56.7 
1713	56.7 
1738	56.8 
1763	56.9 
1789	57   
1815	57.1 
1841	57.1 
1868	57.3 
1895	57.4 
1923	57.5 
1951	57.6 
1979	57.6 
2008	57.9 
2037	58   
2067	58   
2097	58.2 
2127	58.5 
2158	58.5 
2190	58.7 
2221	58.9 
2254	59.1 
2287	59.3 
2320	59.5 
2354	59.6 
2388	59.9 
2423	60   
2458	60.3 
2494	60.5 
2530	60.9 
2567	61.1 
2604	61.3 
2642	61.5 
2680	61.8 
2719	62   
2759	62.2 
2799	62.2 
2840	62.3 
2881	62.2 
2923	62.2 
2965	61.8 
3008	61.4 
3052	60.9 
3097	60.3 
3142	59.7 
3187	59.2 
3234	59   
3281	58.9 
3328	59.1 
3377	59.7 
3426	60.3 
3476	61.3 
3526	62.1 
3578	62.6 
3630	63.2 
3682	63.3 
3736	63.5 
3790	63.4 
3846	63.2 
3901	63   
3958	62.6 
4016	62.2 
4074	61.7 
4133	61.4 
4194	61.1 
4255	60.7 
4316	60.3 
4379	60   
4443	59.7 
4508	59.4 
4573	59.2 
4640	58.9 
4707	58.5 
4776	57.9 
4845	57.1 
4916	56.2 
4987	55.6 
5060	55.1 
5133	55.2 
5208	55.7 
5284	56.1 
5360	56.5 
5438	56.6 
5518	56.6 
5598	56.5 
5679	56.2 
5762	56.2 
5846	56   
5931	55.9 
6017	55.6 
6104	55.3 
6193	54.6 
6283	54   
6375	53.6 
6467	54   
6561	54.6 
6657	54.8 
6754	54.7 
6852	54.5 
6952	54.4 
7053	54.3 
7155	54   
7259	53.2 
7365	52.7 
7472	52.4 
7581	53.1 
7691	53.4 
7803	53.6 
7916	53.6 
8032	53.8 
8148	53.6 
8267	53   
8387	52.9 
8509	53.5 
8633	54   
8758	53.8 
8886	53.5 
9015	52.9 
9146	51.8 
9279	51.3 
9414	51.5 
9551	51.1 
9690	50.5 
9831	49.6 
9974	48.8 
10119	48.9
10266	49.2
10416	48.9
10567	48.2
10721	47.9
10877	48.5
11035	48.5
11196	48.3
11358	47.6
11524	48.2
11691	48.4
11861	48  
12034	47.6
12209	48.2
12386	48.1
12567	47.5
12749	48  
12935	48.1
13123	47.6
13314	47.9
13507	48.1
13704	47.5
13903	48.3
14105	48.2
14311	48.2
14519	48.8
14730	48.2
14944	48.7
15162	48.1
15382	48.1
15606	47.9
15833	47.8
16063	47.7
16297	47.6
16534	47.5
16774	47.6
17018	47.4
17266	47.7
17517	47.3
17772	47.6
18030	47.5
18293	47.3
18559	47.9
18829	47.7
19102	47.6
19380	47.9
20000	47.6
overall dB	0.0 dB
decay	Average
averaging	No Smoothing
source	Totally Made Up


saved	--/-/--, --:-- AM
peak	0.0Hz
