
Frequency	dB	Unweighted
19.5	48.7 
19.8	48.8 
20.1	48.9 
20.3	49   
20.6	49.2 
20.9	49.3 
21.2	49.4 
21.6	49.5 
21.9	49.7 
22.2	49.7 
22.5	49.8 
22.8	49.9 
23.2	50   
23.5	50.1 
23.8	50.4 
24.2	50.4 
24.5	50.6 
24.9	50.8 
25.3	50.9 
25.6	51   
26	51.2   
26.4	51.2 
26.8	51.4 
27.2	51.6 
27.5	51.7 
28	51.8   
28.4	52   
28.8	52.1 
29.2	52.1 
29.6	52.4 
30	52.5   
30.5	52.6 
30.9	52.7 
31.4	52.9 
31.8	53.1 
32.3	53.1 
32.8	53.3 
33.2	53.4 
33.7	53.6 
34.2	53.6 
34.7	53.7 
35.2	54   
35.7	54   
36.2	54.3 
36.8	54.3 
37.3	54.4 
37.9	54.7 
38.4	54.8 
39	54.8   
39.5	55.1 
40.1	55.2 
40.7	55.2 
41.3	55.3 
41.9	55.4 
42.5	55.7 
43.1	55.6 
43.7	55.7 
44.4	55.9 
45	56.1   
45.7	56   
46.3	56.2 
47	56.2   
47.7	56.5 
48.4	56.4 
49.1	56.5 
49.8	56.7 
50.5	56.8 
51.3	56.9 
52	57     
52.8	57.1 
53.5	57.2 
54.3	57.3 
55.1	57.3 
55.9	57.3 
56.7	57.5 
57.5	57.6 
58.4	57.5 
59.2	57.6 
60.1	57.7 
61	57.7   
61.8	57.7 
62.7	57.7 
63.7	57.9 
64.6	57.8 
65.5	57.9 
66.5	57.9 
67.4	57.9 
68.4	57.9 
69.4	58   
70.4	58   
71.5	58   
72.5	57.9 
73.5	57.9 
74.6	57.9 
75.7	58   
76.8	57.9 
77.9	58   
79.1	57.9 
80.2	58   
81.4	57.9 
82.6	58   
83.8	58   
85	57.8   
86.2	57.9 
87.5	57.8 
88.7	57.9 
90	57.8   
91.3	57.8 
92.7	57.8 
94	57.9   
95.4	57.8 
96.8	57.9 
98.2	57.9 
99.6	57.8 
101	57.8  
103	57.8  
104	57.9  
106	57.7  
107	57.8  
109	57.7  
110	57.7  
112	57.7  
113	57.7  
115	57.6  
117	57.7  
118	57.7  
120	57.7  
122	57.6  
124	57.6  
125	57.5  
127	57.6  
129	57.6  
131	57.6  
133	57.5  
135	57.6  
137	57.6  
139	57.6  
141	57.6  
143	57.6  
145	57.5  
147	57.4  
149	57.4  
151	57.4  
154	57.3  
156	57.4  
158	57.5  
160	57.4  
163	57.3  
165	57.3  
168	57.2  
170	57.3  
172	57.3  
175	57.2  
177	57.3  
180	57.2  
183	57.1  
185	57.2  
188	57.2  
191	57.2  
194	57.1  
196	57.2  
199	57    
202	57.1  
205	57.1  
208	57    
211	57    
214	57.1  
217	57.1  
220	57    
224	57    
227	57    
230	57    
234	57    
237	56.8  
240	56.8  
244	56.8  
247	56.8  
251	56.8  
255	56.7  
258	56.8  
262	56.7  
266	56.8  
270	56.7  
274	56.7  
278	56.7  
282	56.6  
286	56.6  
290	56.6  
294	56.6  
298	56.6  
303	56.7  
307	56.6  
312	56.5  
316	56.5  
321	56.5  
325	56.6  
330	56.5  
335	56.5  
340	56.6  
345	56.6  
350	56.4  
355	56.5  
360	56.5  
365	56.3  
371	56.5  
376	56.5  
382	56.5  
387	56.5  
393	56.5  
398	56.3  
404	56.4  
410	56.3  
416	56.4  
422	56.4  
428	56.3  
434	56.3  
441	56.3  
447	56.2  
454	56.3  
460	56.2  
467	56.3  
474	56.3  
481	56.3  
488	56.3  
495	56.3  
502	56.3  
509	56.3  
517	56.2  
524	56.2  
532	56.3  
540	56.3  
547	56.2  
555	56.2  
563	56.1  
572	56.2  
580	56.2  
588	56.2  
597	56.2  
606	56.3  
614	56.3  
623	56.2  
632	56.3  
642	56.2  
651	56.3  
660	56.2  
670	56.3  
680	56.3  
690	56.3  
700	56.4  
710	56.4  
720	56.3  
731	56.4  
741	56.4  
752	56.4  
763	56.4  
774	56.3  
785	56.4  
797	56.4  
808	56.5  
820	56.5  
832	56.5  
844	56.5  
856	56.6  
869	56.6  
882	56.6  
894	56.5  
907	56.7  
921	56.7  
934	56.7  
948	56.8  
961	56.7  
975	56.9  
990	56.9  
1004	56.8 
1019	57   
1033	57   
1048	57.1 
1064	57.1 
1079	57.1 
1095	57.1 
1111	57.2 
1127	57.2 
1143	57.3 
1160	57.4 
1177	57.5 
1194	57.5 
1211	57.6 
1229	57.6 
1247	57.6 
1265	57.8 
1283	57.7 
1302	57.8 
1321	57.9 
1340	58   
1360	58.2 
1379	58.1 
1399	58.2 
1420	58.5 
1440	58.5 
1461	58.6 
1483	58.7 
1504	58.8 
1526	58.9 
1548	58.9 
1571	59.2 
1594	59.2 
1617	59.2 
1640	59.5 
1664	59.5 
1688	59.8 
1713	59.8 
1738	59.9 
1763	60.2 
1789	60.3 
1815	60.5 
1841	60.6 
1868	60.7 
1895	61   
1923	61.1 
1951	61.5 
1979	61.6 
2008	61.8 
2037	62.2 
2067	62.5 
2097	62.6 
2127	62.8 
2158	63.2 
2190	63.6 
2221	63.8 
2254	64   
2287	64.4 
2320	64.9 
2354	65.2 
2388	65.6 
2423	65.8 
2458	66.3 
2494	66.5 
2530	66.8 
2567	67.3 
2604	67.4 
2642	67.7 
2680	67.9 
2719	68.2 
2759	68.3 
2799	68.3 
2840	68.2 
2881	68.2 
2923	68   
2965	67.5 
3008	67.2 
3052	66.9 
3097	66.3 
3142	65.8 
3187	65.4 
3234	64.9 
3281	64.3 
3328	64   
3377	63.6 
3426	63.4 
3476	63.2 
3526	62.9 
3578	62.6 
3630	62.5 
3682	62.3 
3736	61.9 
3790	61.6 
3846	61.5 
3901	61.2 
3958	61   
4016	60.7 
4074	60.4 
4133	60   
4194	59.9 
4255	59.7 
4316	59.6 
4379	59.5 
4443	59.7 
4508	59.7 
4573	59.8 
4640	60.2 
4707	60.5 
4776	60.8 
4845	61.3 
4916	61.6 
4987	61.9 
5060	62   
5133	61.9 
5208	61.7 
5284	61.3 
5360	60.7 
5438	60.2 
5518	59.5 
5598	59   
5679	58.4 
5762	57.8 
5846	57.3 
5931	56.8 
6017	56.5 
6104	56.3 
6193	56.1 
6283	56.1 
6375	55.9 
6467	55.9 
6561	55.7 
6657	55.5 
6754	55.3 
6852	55.1 
6952	55   
7053	54.8 
7155	54.8 
7259	54.6 
7365	54.4 
7472	54.4 
7581	54.1 
7691	53.9 
7803	53.6 
7916	53.3 
8032	53.1 
8148	52.9 
8267	52.9 
8387	53.2 
8509	53.3 
8633	53.3 
8758	53.1 
8886	52.7 
9015	52.3 
9146	51.7 
9279	51.2 
9414	50.9 
9551	50.6 
9690	50.6 
9831	50.4 
9974	50.1 
10119	50.1
10266	49.9
10416	49.7
10567	49.7
10721	49.7
10877	49.6
11035	49.6
11196	49.9
11358	49.9
11524	50.1
11691	50  
11861	49.8
12034	49.5
12209	49.3
12386	49.3
12567	49.2
12749	49.2
12935	49.2
13123	49.2
13314	49.2
13507	49.3
13704	49.5
13903	49.6
14105	49.5
14311	49.2
14519	49.2
14730	49.1
14944	49.1
15162	49.1
15382	49.1
15606	49.1
15833	49.3
16063	49.3
16297	49.2
16534	49.1
16774	48.8
17018	48.8
17266	48.9
17517	48.7
17772	49  
18030	49.3
18293	49  
18559	48.9
18829	48.7
19102	48.7
19380	48.7
20000	48.9
overall dB	0.0 dB
decay	Average
averaging	No Smoothing
source	Totally Made Up


saved	--/-/--, --:-- AM
peak	0.0Hz
