
Frequency	dB	Unweighted
19.5	47.6 
19.8	47.8 
20.1	48   
20.3	48.1 
20.6	48.2 
20.9	48.2 
21.2	48.4 
21.6	48.5 
21.9	48.7 
22.2	48.9 
22.5	49   
22.8	49.2 
23.2	49.4 
23.5	49.5 
23.8	49.7 
24.2	49.9 
24.5	49.9 
24.9	50.2 
25.3	50.3 
25.6	50.4 
26	50.8   
26.4	50.8 
26.8	50.9 
27.2	51.2 
27.5	51.3 
28	51.5   
28.4	51.6 
28.8	51.8 
29.2	52.1 
29.6	52.3 
30	52.4   
30.5	52.5 
30.9	52.8 
31.4	53   
31.8	53.2 
32.3	53.2 
32.8	53.5 
33.2	53.6 
33.7	53.9 
34.2	53.9 
34.7	54.1 
35.2	54.4 
35.7	54.4 
36.2	54.7 
36.8	54.8 
37.3	55   
37.9	55.1 
38.4	55.2 
39	55.4   
39.5	55.6 
40.1	55.7 
40.7	56   
41.3	56.1 
41.9	56.2 
42.5	56.4 
43.1	56.5 
43.7	56.7 
44.4	56.7 
45	56.8   
45.7	57   
46.3	57.1 
47	57.4   
47.7	57.4 
48.4	57.6 
49.1	57.8 
49.8	57.8 
50.5	57.9 
51.3	58   
52	58.2   
52.8	58.3 
53.5	58.3 
54.3	58.4 
55.1	58.5 
55.9	58.6 
56.7	58.7 
57.5	58.7 
58.4	58.8 
59.2	58.8 
60.1	59.1 
61	59.1   
61.8	59.2 
62.7	59.1 
63.7	59.2 
64.6	59.2 
65.5	59.3 
66.5	59.3 
67.4	59.4 
68.4	59.3 
69.4	59.4 
70.4	59.4 
71.5	59.3 
72.5	59.4 
73.5	59.4 
74.6	59.4 
75.7	59.3 
76.8	59.4 
77.9	59.4 
79.1	59.4 
80.2	59.3 
81.4	59.3 
82.6	59.4 
83.8	59.4 
85	59.2   
86.2	59.2 
87.5	59.2 
88.7	59.2 
90	59.1   
91.3	59.2 
92.7	59.2 
94	59.2   
95.4	59.1 
96.8	59.1 
98.2	59.2 
99.6	59.2 
101	59    
103	59    
104	59.1  
106	59.1  
107	59    
109	59    
110	59    
112	59    
113	58.9  
115	59    
117	58.9  
118	58.9  
120	58.9  
122	58.7  
124	58.8  
125	58.9  
127	58.7  
129	58.8  
131	58.7  
133	58.7  
135	58.7  
137	58.7  
139	58.6  
141	58.7  
143	58.6  
145	58.6  
147	58.4  
149	58.5  
151	58.4  
154	58.4  
156	58.4  
158	58.4  
160	58.4  
163	58.3  
165	58.2  
168	58.2  
170	58.2  
172	58.1  
175	58.2  
177	58.2  
180	58.1  
183	58.1  
185	58.1  
188	58    
191	57.9  
194	58    
196	58    
199	57.8  
202	57.8  
205	57.9  
208	57.9  
211	57.8  
214	57.8  
217	57.8  
220	57.7  
224	57.7  
227	57.7  
230	57.6  
234	57.5  
237	57.6  
240	57.6  
244	57.5  
247	57.5  
251	57.4  
255	57.3  
258	57.4  
262	57.2  
266	57.4  
270	57.3  
274	57.1  
278	57.1  
282	57.1  
286	57    
290	57.2  
294	57    
298	57.1  
303	57.1  
307	56.9  
312	56.9  
316	56.8  
321	56.9  
325	56.9  
330	56.8  
335	56.8  
340	56.8  
345	56.7  
350	56.8  
355	56.8  
360	56.7  
365	56.7  
371	56.6  
376	56.6  
382	56.6  
387	56.5  
393	56.6  
398	56.6  
404	56.6  
410	56.5  
416	56.4  
422	56.4  
428	56.3  
434	56.5  
441	56.4  
447	56.3  
454	56.4  
460	56.3  
467	56.3  
474	56.3  
481	56.3  
488	56.3  
495	56.3  
502	56.2  
509	56.1  
517	56.1  
524	56.1  
532	56.1  
540	56    
547	56.2  
555	56.1  
563	56.1  
572	56.1  
580	56    
588	56.1  
597	56    
606	55.9  
614	56.1  
623	55.9  
632	56.1  
642	56.1  
651	56    
660	55.9  
670	56    
680	55.9  
690	56.1  
700	56    
710	56    
720	56    
731	56    
741	56    
752	56    
763	56.1  
774	56.1  
785	55.9  
797	56    
808	56    
820	56    
832	56    
844	56.1  
856	56.1  
869	56    
882	56.1  
894	56    
907	56    
921	56.1  
934	56.1  
948	56.1  
961	56.3  
975	56.2  
990	56.3  
1004	56.2 
1019	56.3 
1033	56.5 
1048	56.3 
1064	56.4 
1079	56.5 
1095	56.6 
1111	56.5 
1127	56.6 
1143	56.6 
1160	56.7 
1177	56.7 
1194	56.7 
1211	56.9 
1229	56.9 
1247	56.8 
1265	57   
1283	56.9 
1302	57.1 
1321	57.2 
1340	57.1 
1360	57.2 
1379	57.3 
1399	57.4 
1420	57.3 
1440	57.4 
1461	57.6 
1483	57.5 
1504	57.6 
1526	57.7 
1548	57.8 
1571	57.9 
1594	58   
1617	58   
1640	58.1 
1664	58.1 
1688	58.3 
1713	58.3 
1738	58.4 
1763	58.7 
1789	58.7 
1815	58.8 
1841	58.8 
1868	58.9 
1895	59.2 
1923	59.3 
1951	59.4 
1979	59.5 
2008	59.6 
2037	59.8 
2067	60   
2097	60.1 
2127	60.3 
2158	60.5 
2190	60.7 
2221	60.8 
2254	61   
2287	61.1 
2320	61.5 
2354	61.7 
2388	61.8 
2423	62.1 
2458	62.3 
2494	62.5 
2530	63   
2567	63.2 
2604	63.4 
2642	63.7 
2680	64.2 
2719	64.3 
2759	64.8 
2799	65.1 
2840	65.5 
2881	65.8 
2923	66.3 
2965	66.6 
3008	66.7 
3052	66.8 
3097	66.7 
3142	66.5 
3187	66.1 
3234	65.3 
3281	64.2 
3328	62.5 
3377	60.6 
3426	58.7 
3476	56.5 
3526	54.7 
3578	53.6 
3630	53.4 
3682	54.1 
3736	55.6 
3790	57.6 
3846	59.6 
3901	61.5 
3958	62.8 
4016	63.7 
4074	64.3 
4133	64.5 
4194	64.3 
4255	64   
4316	63.7 
4379	63.2 
4443	62.9 
4508	62.5 
4573	62.1 
4640	61.8 
4707	61.5 
4776	61.2 
4845	61   
4916	60.5 
4987	60.3 
5060	60.1 
5133	59.9 
5208	59.4 
5284	58.7 
5360	57.6 
5438	56.3 
5518	55   
5598	54.3 
5679	54.7 
5762	55.6 
5846	56.6 
5931	57.5 
6017	57.6 
6104	57.5 
6193	57.3 
6283	57.2 
6375	57.1 
6467	57   
6561	56.8 
6657	56.7 
6754	56.3 
6852	55.6 
6952	54.4 
7053	53.8 
7155	54.1 
7259	55.1 
7365	55.8 
7472	55.7 
7581	55.6 
7691	55.6 
7803	55.3 
7916	55.1 
8032	54.6 
8148	53.5 
8267	52.6 
8387	53   
8509	53.6 
8633	53.7 
8758	53.3 
8886	53   
9015	52.8 
9146	52.1 
9279	51   
9414	51   
9551	51.7 
9690	51.8 
9831	51.7 
9974	51.5 
10119	50.9
10266	49.8
10416	50.6
10567	51  
10721	51  
10877	50.9
11035	50.2
11196	49.8
11358	50.5
11524	50.6
11691	50.7
11861	50  
12034	49.8
12209	50.6
12386	50.7
12567	50.3
12749	49.7
12935	50.6
13123	50.7
13314	50.3
13507	49.8
13704	50.5
13903	50.5
14105	49.5
14311	50.1
14519	50.3
14730	49.5
14944	50  
15162	50.1
15382	49.3
15606	50.1
15833	50.1
16063	49.3
16297	50  
16534	49.6
16774	50.1
17018	49.9
17266	49.9
17517	50.1
17772	49.4
18030	49.9
18293	49.3
18559	49.9
18829	49.3
19102	49.8
19380	49.7
20000	49.9
overall dB	0.0 dB
decay	Average
averaging	No Smoothing
source	Totally Made Up


saved	--/-/--, --:-- AM
peak	0.0Hz
