
Frequency	dB	Unweighted
19.5	47.5 
19.8	47.8 
20.1	47.8 
20.3	48   
20.6	48.2 
20.9	48.3 
21.2	48.5 
21.6	48.6 
21.9	48.7 
22.2	48.8 
22.5	49   
22.8	49.3 
23.2	49.3 
23.5	49.5 
23.8	49.7 
24.2	49.8 
24.5	50   
24.9	50.2 
25.3	50.4 
25.6	50.5 
26	50.8   
26.4	51   
26.8	51   
27.2	51.3 
27.5	51.4 
28	51.6   
28.4	51.9 
28.8	51.9 
29.2	52.2 
29.6	52.3 
30	52.6   
30.5	52.8 
30.9	53   
31.4	53.1 
31.8	53.2 
32.3	53.5 
32.8	53.7 
33.2	53.7 
33.7	53.9 
34.2	54.2 
34.7	54.4 
35.2	54.6 
35.7	54.6 
36.2	54.8 
36.8	55   
37.3	55.1 
37.9	55.3 
38.4	55.5 
39	55.7   
39.5	55.9 
40.1	56   
40.7	56.2 
41.3	56.4 
41.9	56.4 
42.5	56.6 
43.1	56.8 
43.7	56.8 
44.4	57.1 
45	57.2   
45.7	57.4 
46.3	57.5 
47	57.5   
47.7	57.8 
48.4	57.9 
49.1	57.9 
49.8	58.1 
50.5	58.3 
51.3	58.4 
52	58.4   
52.8	58.5 
53.5	58.7 
54.3	58.9 
55.1	58.8 
55.9	59   
56.7	59.1 
57.5	59.1 
58.4	59.2 
59.2	59.3 
60.1	59.3 
61	59.5   
61.8	59.4 
62.7	59.5 
63.7	59.6 
64.6	59.6 
65.5	59.7 
66.5	59.7 
67.4	59.6 
68.4	59.7 
69.4	59.7 
70.4	59.7 
71.5	59.7 
72.5	59.7 
73.5	59.7 
74.6	59.7 
75.7	59.8 
76.8	59.7 
77.9	59.8 
79.1	59.6 
80.2	59.8 
81.4	59.7 
82.6	59.7 
83.8	59.7 
85	59.7   
86.2	59.6 
87.5	59.6 
88.7	59.7 
90	59.6   
91.3	59.6 
92.7	59.5 
94	59.6   
95.4	59.5 
96.8	59.6 
98.2	59.4 
99.6	59.5 
101	59.5  
103	59.6  
104	59.5  
106	59.4  
107	59.5  
109	59.4  
110	59.3  
112	59.5  
113	59.3  
115	59.4  
117	59.2  
118	59.4  
120	59.3  
122	59.2  
124	59.2  
125	59.1  
127	59.1  
129	59.2  
131	59.2  
133	59.2  
135	59    
137	59    
139	59.1  
141	59    
143	58.9  
145	59    
147	59    
149	58.9  
151	58.9  
154	58.9  
156	58.9  
158	58.9  
160	58.9  
163	58.7  
165	58.8  
168	58.8  
170	58.6  
172	58.7  
175	58.6  
177	58.7  
180	58.6  
183	58.6  
185	58.6  
188	58.5  
191	58.5  
194	58.4  
196	58.5  
199	58.5  
202	58.3  
205	58.4  
208	58.3  
211	58.4  
214	58.3  
217	58.3  
220	58.2  
224	58.3  
227	58.1  
230	58.1  
234	58.1  
237	58.1  
240	58    
244	58.1  
247	58.1  
251	57.9  
255	58    
258	57.9  
262	57.9  
266	57.8  
270	57.8  
274	57.8  
278	57.8  
282	57.8  
286	57.8  
290	57.8  
294	57.7  
298	57.7  
303	57.6  
307	57.5  
312	57.7  
316	57.6  
321	57.5  
325	57.5  
330	57.5  
335	57.5  
340	57.4  
345	57.3  
350	57.4  
355	57.3  
360	57.3  
365	57.3  
371	57.4  
376	57.3  
382	57.2  
387	57.2  
393	57.1  
398	57.2  
404	57.1  
410	57.2  
416	57.1  
422	57    
428	57.1  
434	57.1  
441	56.9  
447	57    
454	57    
460	57    
467	56.9  
474	56.8  
481	57    
488	56.9  
495	56.9  
502	56.8  
509	56.8  
517	56.9  
524	56.8  
532	56.9  
540	56.8  
547	56.8  
555	56.7  
563	56.7  
572	56.8  
580	56.8  
588	56.7  
597	56.7  
606	56.7  
614	56.6  
623	56.7  
632	56.7  
642	56.6  
651	56.7  
660	56.7  
670	56.7  
680	56.7  
690	56.7  
700	56.6  
710	56.5  
720	56.7  
731	56.6  
741	56.6  
752	56.6  
763	56.6  
774	56.7  
785	56.5  
797	56.6  
808	56.6  
820	56.7  
832	56.6  
844	56.7  
856	56.8  
869	56.6  
882	56.8  
894	56.7  
907	56.7  
921	56.7  
934	56.7  
948	56.7  
961	56.8  
975	56.8  
990	56.9  
1004	56.9 
1019	56.9 
1033	56.8 
1048	57   
1064	57   
1079	56.9 
1095	57.1 
1111	57   
1127	57   
1143	57.1 
1160	57   
1177	57   
1194	57.2 
1211	57.1 
1229	57.2 
1247	57.3 
1265	57.3 
1283	57.3 
1302	57.3 
1321	57.5 
1340	57.4 
1360	57.4 
1379	57.4 
1399	57.6 
1420	57.6 
1440	57.5 
1461	57.7 
1483	57.6 
1504	57.8 
1526	57.8 
1548	57.8 
1571	57.9 
1594	57.9 
1617	58   
1640	58   
1664	58.1 
1688	58.2 
1713	58.3 
1738	58.3 
1763	58.4 
1789	58.4 
1815	58.4 
1841	58.5 
1868	58.7 
1895	58.6 
1923	58.8 
1951	58.9 
1979	58.9 
2008	59   
2037	59   
2067	59.1 
2097	59.3 
2127	59.5 
2158	59.4 
2190	59.6 
2221	59.8 
2254	59.7 
2287	60   
2320	60.2 
2354	60.3 
2388	60.4 
2423	60.4 
2458	60.6 
2494	60.8 
2530	60.9 
2567	61   
2604	61.4 
2642	61.5 
2680	61.7 
2719	61.8 
2759	62   
2799	62.2 
2840	62.4 
2881	62.8 
2923	62.9 
2965	63.3 
3008	63.6 
3052	63.9 
3097	64.1 
3142	64.3 
3187	64.6 
3234	64.8 
3281	65.2 
3328	65.5 
3377	65.8 
3426	66   
3476	66.4 
3526	66.6 
3578	66.7 
3630	67   
3682	66.9 
3736	66.8 
3790	66.7 
3846	66.5 
3901	65.9 
3958	65.3 
4016	64.6 
4074	63.6 
4133	62.6 
4194	61.5 
4255	60.5 
4316	59.5 
4379	58.9 
4443	58.6 
4508	58.7 
4573	59   
4640	59.6 
4707	60.3 
4776	60.8 
4845	61.4 
4916	61.6 
4987	61.9 
5060	61.8 
5133	61.8 
5208	61.7 
5284	61.4 
5360	61.3 
5438	60.8 
5518	60.6 
5598	60.4 
5679	60.2 
5762	60   
5846	59.8 
5931	59.6 
6017	59.5 
6104	59.4 
6193	59.2 
6283	58.7 
6375	58.4 
6467	57.8 
6561	57.1 
6657	56.1 
6754	55.6 
6852	55.4 
6952	55.7 
7053	56.1 
7155	56.5 
7259	56.6 
7365	56.6 
7472	56.3 
7581	56   
7691	55.8 
7803	55.3 
7916	55   
8032	54.8 
8148	54.2 
8267	53.5 
8387	52.7 
8509	52.2 
8633	52.2 
8758	52.7 
8886	53.3 
9015	53.4 
9146	53.5 
9279	53.4 
9414	53.3 
9551	53.1 
9690	52.8 
9831	51.9 
9974	51.6 
10119	51.9
10266	52.4
10416	52.5
10567	52.4
10721	52.4
10877	52.2
11035	51.7
11196	51  
11358	51.4
11524	51.8
11691	52.1
11861	52  
12034	51.9
12209	51.4
12386	50.9
12567	51.3
12749	51.7
12935	51.5
13123	51.2
13314	50.5
13507	50.7
13704	51.2
13903	51.4
14105	51.3
14311	50.6
14519	51.1
14730	51.5
14944	51.6
15162	50.9
15382	50.9
15606	51.5
15833	51.3
16063	50.7
16297	51.1
16534	51.4
16774	50.7
17018	50.7
17266	51.1
17517	50.7
17772	50.5
18030	51.1
18293	50.9
18559	50.9
18829	51.2
19102	50.6
19380	51  
20000	50.8
overall dB	0.0 dB
decay	Average
averaging	No Smoothing
source	Totally Made Up


saved	--/-/--, --:-- AM
peak	0.0Hz
