
Frequency	dB	Unweighted
19.5	23.3 
19.8	23.4 
20.1	23.5 
20.3	23.5 
20.6	23.7 
20.9	23.7 
21.2	23.7 
21.6	24   
21.9	23.9 
22.2	24.1 
22.5	24.2 
22.8	24.3 
23.2	24.3 
23.5	24.3 
23.8	24.5 
24.2	24.6 
24.5	24.7 
24.9	24.7 
25.3	24.8 
25.6	24.8 
26	25     
26.4	25   
26.8	25.2 
27.2	25.2 
27.5	25.2 
28	25.4   
28.4	25.5 
28.8	25.6 
29.2	25.7 
29.6	25.6 
30	25.8   
30.5	26   
30.9	26   
31.4	26   
31.8	26.1 
32.3	26.3 
32.8	26.3 
33.2	26.3 
33.7	26.5 
34.2	26.6 
34.7	26.5 
35.2	26.6 
35.7	26.7 
36.2	26.8 
36.8	26.9 
37.3	27.1 
37.9	27.1 
38.4	27.1 
39	27.2   
39.5	27.3 
40.1	27.5 
40.7	27.4 
41.3	27.6 
41.9	27.7 
42.5	27.8 
43.1	27.9 
43.7	27.9 
44.4	28   
45	28     
45.7	28   
46.3	28.3 
47	28.2   
47.7	28.4 
48.4	28.5 
49.1	28.4 
49.8	28.6 
50.5	28.6 
51.3	28.8 
52	28.8   
52.8	29   
53.5	29.1 
54.3	29   
55.1	29.1 
55.9	29.2 
56.7	29.3 
57.5	29.4 
58.4	29.4 
59.2	29.6 
60.1	29.6 
61	29.8   
61.8	29.8 
62.7	29.9 
63.7	29.9 
64.6	29.9 
65.5	30.1 
66.5	30.2 
67.4	30.2 
68.4	30.3 
69.4	30.4 
70.4	30.5 
71.5	30.6 
72.5	30.6 
73.5	30.6 
74.6	30.7 
75.7	30.8 
76.8	30.9 
77.9	30.9 
79.1	31   
80.2	31.2 
81.4	31.2 
82.6	31.3 
83.8	31.4 
85	31.4   
86.2	31.4 
87.5	31.6 
88.7	31.5 
90	31.8   
91.3	31.8 
92.7	31.8 
94	32     
95.4	31.9 
96.8	32.1 
98.2	32.1 
99.6	32.1 
101	32.2  
103	32.4  
104	32.4  
106	32.4  
107	32.4  
109	32.6  
110	32.7  
112	32.7  
113	32.8  
115	32.9  
117	32.9  
118	33    
120	33.1  
122	33.1  
124	33.3  
125	33.2  
127	33.3  
129	33.4  
131	33.4  
133	33.5  
135	33.6  
137	33.5  
139	33.7  
141	33.7  
143	33.7  
145	33.8  
147	33.9  
149	34    
151	34.1  
154	34.2  
156	34.1  
158	34.3  
160	34.2  
163	34.4  
165	34.4  
168	34.5  
170	34.6  
172	34.6  
175	34.6  
177	34.6  
180	34.8  
183	34.7  
185	34.9  
188	34.8  
191	35    
194	34.9  
196	35.1  
199	35    
202	35.1  
205	35.3  
208	35.3  
211	35.4  
214	35.4  
217	35.5  
220	35.5  
224	35.4  
227	35.7  
230	35.6  
234	35.7  
237	35.6  
240	35.8  
244	35.8  
247	35.7  
251	35.9  
255	35.9  
258	35.9  
262	36    
266	36.1  
270	36.2  
274	36.1  
278	36.1  
282	36.3  
286	36.3  
290	36.2  
294	36.4  
298	36.4  
303	36.4  
307	36.5  
312	36.6  
316	36.6  
321	36.6  
325	36.7  
330	36.6  
335	36.8  
340	36.8  
345	36.7  
350	36.9  
355	36.9  
360	37    
365	37    
371	37.1  
376	37.1  
382	37.1  
387	37.1  
393	37.1  
398	37.3  
404	37.3  
410	37.2  
416	37.3  
422	37.4  
428	37.5  
434	37.4  
441	37.5  
447	37.4  
454	37.6  
460	37.5  
467	37.6  
474	37.7  
481	37.7  
488	37.6  
495	37.8  
502	37.9  
509	37.7  
517	37.9  
524	37.8  
532	37.9  
540	37.9  
547	37.9  
555	37.9  
563	38    
572	38.2  
580	38.1  
588	38.2  
597	38.2  
606	38.3  
614	38.2  
623	38.2  
632	38.4  
642	38.4  
651	38.3  
660	38.4  
670	38.5  
680	38.5  
690	38.5  
700	38.5  
710	38.6  
720	38.5  
731	38.6  
741	38.7  
752	38.8  
763	38.8  
774	38.8  
785	38.8  
797	38.8  
808	38.9  
820	38.9  
832	39    
844	39    
856	39    
869	39.1  
882	39.1  
894	39.1  
907	39.2  
921	39.2  
934	39.4  
948	39.2  
961	39.3  
975	39.5  
990	39.5  
1004	39.5 
1019	39.5 
1033	39.5 
1048	39.7 
1064	39.6 
1079	39.8 
1095	39.7 
1111	39.8 
1127	39.8 
1143	39.8 
1160	39.9 
1177	40   
1194	39.9 
1211	40   
1229	40.1 
1247	40   
1265	40.2 
1283	40.3 
1302	40.2 
1321	40.3 
1340	40.4 
1360	40.5 
1379	40.5 
1399	40.5 
1420	40.5 
1440	40.5 
1461	40.7 
1483	40.6 
1504	40.8 
1526	40.8 
1548	40.8 
1571	41   
1594	40.9 
1617	41   
1640	41   
1664	41.3 
1688	41.1 
1713	41.4 
1738	41.4 
1763	41.3 
1789	41.5 
1815	41.5 
1841	41.6 
1868	41.6 
1895	41.7 
1923	41.8 
1951	41.9 
1979	42   
2008	42.1 
2037	42.1 
2067	42.2 
2097	42.2 
2127	42.4 
2158	42.5 
2190	42.4 
2221	42.7 
2254	42.7 
2287	42.7 
2320	42.9 
2354	42.9 
2388	42.9 
2423	43.2 
2458	43.2 
2494	43.4 
2530	43.4 
2567	43.6 
2604	43.6 
2642	43.7 
2680	43.9 
2719	43.8 
2759	43.7 
2799	43.6 
2840	43.5 
2881	43.2 
2923	42.6 
2965	42.2 
3008	41.4 
3052	40.7 
3097	39.8 
3142	39   
3187	38.3 
3234	37.9 
3281	38   
3328	38.4 
3377	39.3 
3426	40.5 
3476	41.9 
3526	43.2 
3578	44.5 
3630	45.5 
3682	46.4 
3736	47.1 
3790	47.8 
3846	48   
3901	48.6 
3958	48.8 
4016	49   
4074	49.4 
4133	49.6 
4194	49.9 
4255	50.3 
4316	50.7 
4379	50.9 
4443	51.4 
4508	51.8 
4573	51.9 
4640	52.3 
4707	52.5 
4776	52.5 
4845	52.2 
4916	51.6 
4987	51.3 
5060	51.3 
5133	51.8 
5208	52.6 
5284	53.7 
5360	54.2 
5438	54.4 
5518	54.5 
5598	54.3 
5679	54.1 
5762	53.8 
5846	53.6 
5931	53.2 
6017	52.8 
6104	52.1 
6193	51.1 
6283	49.9 
6375	49.3 
6467	49.5 
6561	49.7 
6657	49.8 
6754	49.6 
6852	49.2 
6952	48.8 
7053	48.6 
7155	47.9 
7259	47.1 
7365	46.3 
7472	45.9 
7581	46.4 
7691	46.8 
7803	46.9 
7916	46.7 
8032	46.5 
8148	46.3 
8267	45.4 
8387	45.2 
8509	45.8 
8633	46.2 
8758	46   
8886	45.7 
9015	45.1 
9146	44   
9279	43.8 
9414	44.1 
9551	43.9 
9690	43.3 
9831	42.6 
9974	41.6 
10119	42.1
10266	42  
10416	41.8
10567	41.1
10721	40.5
10877	41.2
11035	41  
11196	40.5
11358	39.8
11524	40.3
11691	40.4
11861	39.9
12034	39.4
12209	40  
12386	39.9
12567	39  
12749	39.3
12935	39.4
13123	38.5
13314	39.1
13507	39  
13704	38.2
13903	38.9
14105	38.7
14311	38.5
14519	38.9
14730	38.2
14944	38.6
15162	38  
15382	37.9
15606	37.7
15833	37.4
16063	37.2
16297	37.2
16534	36.8
16774	36.9
17018	36.4
17266	36.8
17517	36  
17772	36.4
18030	36.3
18293	35.8
18559	36.4
18829	36.2
19102	35.8
19380	36  
20000	35.6
overall dB	0.0 dB
decay	Average
averaging	No Smoothing
source	Totally Made Up


saved	--/-/--, --:-- AM
peak	0.0Hz
