
Frequency	dB	Unweighted
19.5	47.4 
19.8	47.5 
20.1	47.6 
20.3	47.7 
20.6	47.9 
20.9	48.1 
21.2	48.2 
21.6	48.2 
21.9	48.5 
22.2	48.6 
22.5	48.6 
22.8	48.9 
23.2	48.9 
23.5	49.1 
23.8	49.2 
24.2	49.3 
24.5	49.6 
24.9	49.7 
25.3	49.9 
25.6	50   
26	50.2   
26.4	50.3 
26.8	50.4 
27.2	50.6 
27.5	50.7 
28	50.8   
28.4	51   
28.8	51   
29.2	51.3 
29.6	51.5 
30	51.6   
30.5	51.8 
30.9	51.9 
31.4	51.9 
31.8	52.2 
32.3	52.4 
32.8	52.4 
33.2	52.7 
33.7	52.9 
34.2	53   
34.7	53.1 
35.2	53.1 
35.7	53.3 
36.2	53.5 
36.8	53.7 
37.3	53.7 
37.9	53.9 
38.4	54   
39	54.3   
39.5	54.3 
40.1	54.4 
40.7	54.7 
41.3	54.8 
41.9	54.9 
42.5	55.1 
43.1	55.1 
43.7	55.2 
44.4	55.3 
45	55.5   
45.7	55.7 
46.3	55.7 
47	55.8   
47.7	55.9 
48.4	56.1 
49.1	56.3 
49.8	56.2 
50.5	56.4 
51.3	56.5 
52	56.5   
52.8	56.6 
53.5	56.8 
54.3	56.8 
55.1	56.9 
55.9	56.9 
56.7	57.1 
57.5	57   
58.4	57.2 
59.2	57.3 
60.1	57.4 
61	57.4   
61.8	57.5 
62.7	57.4 
63.7	57.6 
64.6	57.4 
65.5	57.6 
66.5	57.6 
67.4	57.6 
68.4	57.7 
69.4	57.6 
70.4	57.7 
71.5	57.7 
72.5	57.6 
73.5	57.5 
74.6	57.7 
75.7	57.6 
76.8	57.5 
77.9	57.6 
79.1	57.6 
80.2	57.7 
81.4	57.7 
82.6	57.6 
83.8	57.5 
85	57.6   
86.2	57.6 
87.5	57.6 
88.7	57.4 
90	57.6   
91.3	57.6 
92.7	57.4 
94	57.6   
95.4	57.4 
96.8	57.4 
98.2	57.4 
99.6	57.3 
101	57.4  
103	57.4  
104	57.4  
106	57.4  
107	57.4  
109	57.3  
110	57.3  
112	57.2  
113	57.2  
115	57.2  
117	57.3  
118	57.2  
120	57.3  
122	57.3  
124	57.1  
125	57.2  
127	57.1  
129	57.1  
131	57    
133	57.1  
135	57.1  
137	57    
139	57    
141	57.1  
143	57    
145	56.9  
147	57    
149	56.9  
151	56.9  
154	56.8  
156	56.9  
158	56.8  
160	56.7  
163	56.7  
165	56.7  
168	56.8  
170	56.7  
172	56.6  
175	56.6  
177	56.6  
180	56.7  
183	56.7  
185	56.6  
188	56.6  
191	56.6  
194	56.6  
196	56.6  
199	56.4  
202	56.4  
205	56.4  
208	56.4  
211	56.5  
214	56.2  
217	56.3  
220	56.3  
224	56.4  
227	56.3  
230	56.3  
234	56.2  
237	56.2  
240	56.1  
244	56.2  
247	56.2  
251	56    
255	56    
258	56    
262	56.1  
266	56.1  
270	56    
274	56    
278	56    
282	55.9  
286	55.8  
290	55.9  
294	55.8  
298	55.8  
303	55.8  
307	55.7  
312	55.6  
316	55.7  
321	55.8  
325	55.6  
330	55.5  
335	55.6  
340	55.5  
345	55.5  
350	55.5  
355	55.5  
360	55.6  
365	55.6  
371	55.4  
376	55.5  
382	55.4  
387	55.4  
393	55.3  
398	55.4  
404	55.3  
410	55.3  
416	55.3  
422	55.3  
428	55.3  
434	55.3  
441	55.3  
447	55.2  
454	55.2  
460	55.1  
467	55.1  
474	55.2  
481	55.1  
488	55.1  
495	55.2  
502	55.1  
509	55.1  
517	55.1  
524	55.1  
532	55    
540	55    
547	54.9  
555	55    
563	55    
572	55    
580	55    
588	55    
597	55    
606	55    
614	55    
623	54.9  
632	54.9  
642	54.9  
651	54.9  
660	54.9  
670	55    
680	55    
690	54.8  
700	54.9  
710	54.9  
720	55    
731	54.9  
741	55    
752	54.8  
763	55    
774	54.9  
785	55    
797	55    
808	54.9  
820	54.9  
832	55    
844	55.1  
856	55    
869	54.9  
882	55.1  
894	55    
907	55    
921	55    
934	55.1  
948	55.1  
961	55    
975	55.1  
990	55.2  
1004	55.2 
1019	55.2 
1033	55.2 
1048	55.1 
1064	55.1 
1079	55.3 
1095	55.2 
1111	55.4 
1127	55.4 
1143	55.4 
1160	55.3 
1177	55.4 
1194	55.5 
1211	55.4 
1229	55.5 
1247	55.5 
1265	55.7 
1283	55.7 
1302	55.7 
1321	55.6 
1340	55.7 
1360	55.7 
1379	55.8 
1399	55.8 
1420	55.8 
1440	55.8 
1461	55.9 
1483	56   
1504	56   
1526	56.1 
1548	56.1 
1571	56.2 
1594	56.3 
1617	56.2 
1640	56.3 
1664	56.5 
1688	56.5 
1713	56.6 
1738	56.6 
1763	56.7 
1789	56.8 
1815	56.8 
1841	56.9 
1868	56.9 
1895	57   
1923	57.1 
1951	57.1 
1979	57.2 
2008	57.3 
2037	57.3 
2067	57.5 
2097	57.4 
2127	57.5 
2158	57.7 
2190	57.9 
2221	57.9 
2254	58   
2287	58   
2320	58.2 
2354	58.3 
2388	58.4 
2423	58.5 
2458	58.7 
2494	58.8 
2530	59   
2567	59.2 
2604	59.2 
2642	59.5 
2680	59.6 
2719	59.9 
2759	59.9 
2799	60.1 
2840	60.4 
2881	60.5 
2923	60.7 
2965	60.9 
3008	61.2 
3052	61.5 
3097	61.7 
3142	61.9 
3187	62.2 
3234	62.4 
3281	62.8 
3328	63.1 
3377	63.1 
3426	63.2 
3476	63.1 
3526	62.9 
3578	62.6 
3630	62.2 
3682	61.5 
3736	60.8 
3790	60.2 
3846	59.5 
3901	59.2 
3958	59.1 
4016	59.4 
4074	59.9 
4133	60.9 
4194	62   
4255	62.9 
4316	63.9 
4379	64.5 
4443	65   
4508	65.2 
4573	65.2 
4640	65.1 
4707	64.6 
4776	64.4 
4845	64.1 
4916	63.7 
4987	63.4 
5060	62.9 
5133	62.7 
5208	62.2 
5284	61.9 
5360	61.6 
5438	61.2 
5518	60.9 
5598	60.6 
5679	60.4 
5762	59.9 
5846	59.4 
5931	58.5 
6017	57.5 
6104	56.8 
6193	56.7 
6283	56.9 
6375	57.5 
6467	57.8 
6561	58   
6657	57.8 
6754	57.6 
6852	57.3 
6952	57   
7053	56.7 
7155	56.4 
7259	56.1 
7365	55.9 
7472	55.3 
7581	54.5 
7691	53.7 
7803	53.5 
7916	53.9 
8032	54.1 
8148	54.1 
8267	53.8 
8387	53.5 
8509	53.1 
8633	52.9 
8758	52.8 
8886	52.1 
9015	51.2 
9146	51.2 
9279	51.6 
9414	51.6 
9551	51.3 
9690	51.1 
9831	50.9 
9974	50.8 
10119	50  
10266	49.8
10416	50.2
10567	50.2
10721	50  
10877	50  
11035	49.8
11196	49.1
11358	49.4
11524	49.9
11691	49.7
11861	49.6
12034	49.5
12209	49  
12386	49.6
12567	49.6
12749	49.4
12935	49.1
13123	48.8
13314	49.4
13507	49.3
13704	49.3
13903	48.8
14105	49.2
14311	49.1
14519	49.2
14730	48.6
14944	49.1
15162	49  
15382	48.6
15606	49  
15833	49  
16063	48.8
16297	48.9
16534	48.8
16774	48.6
17018	48.8
17266	48.7
17517	48.4
17772	48.7
18030	48.7
18293	48.8
18559	48.7
18829	48.6
19102	48.7
19380	48.4
20000	48.5
overall dB	0.0 dB
decay	Average
averaging	No Smoothing
source	Totally Made Up


saved	--/-/--, --:-- AM
peak	0.0Hz
