
Frequency	dB	Unweighted
19.5	34.3 
19.8	34.5 
20.1	34.5 
20.3	34.6 
20.6	34.6 
20.9	34.9 
21.2	35   
21.6	35.1 
21.9	35.2 
22.2	35.2 
22.5	35.3 
22.8	35.5 
23.2	35.6 
23.5	35.6 
23.8	35.8 
24.2	35.9 
24.5	35.9 
24.9	36   
25.3	36.1 
25.6	36.1 
26	36.3   
26.4	36.5 
26.8	36.5 
27.2	36.7 
27.5	36.7 
28	36.9   
28.4	36.9 
28.8	37   
29.2	37.3 
29.6	37.2 
30	37.4   
30.5	37.5 
30.9	37.5 
31.4	37.6 
31.8	37.7 
32.3	37.9 
32.8	38   
33.2	38.1 
33.7	38.1 
34.2	38.3 
34.7	38.4 
35.2	38.5 
35.7	38.5 
36.2	38.7 
36.8	38.8 
37.3	38.8 
37.9	39   
38.4	39   
39	39.1   
39.5	39.3 
40.1	39.3 
40.7	39.5 
41.3	39.5 
41.9	39.8 
42.5	39.9 
43.1	39.9 
43.7	39.9 
44.4	40.1 
45	40.2   
45.7	40.4 
46.3	40.3 
47	40.5   
47.7	40.6 
48.4	40.7 
49.1	40.7 
49.8	40.8 
50.5	41   
51.3	41.1 
52	41.2   
52.8	41.3 
53.5	41.4 
54.3	41.4 
55.1	41.6 
55.9	41.5 
56.7	41.7 
57.5	41.9 
58.4	41.8 
59.2	42   
60.1	42   
61	42.2   
61.8	42.2 
62.7	42.2 
63.7	42.4 
64.6	42.5 
65.5	42.6 
66.5	42.7 
67.4	42.8 
68.4	42.8 
69.4	43   
70.4	43   
71.5	43.1 
72.5	43   
73.5	43.2 
74.6	43.2 
75.7	43.3 
76.8	43.4 
77.9	43.5 
79.1	43.5 
80.2	43.5 
81.4	43.7 
82.6	43.8 
83.8	43.7 
85	43.8   
86.2	44.1 
87.5	44   
88.7	44   
90	44.2   
91.3	44.1 
92.7	44.3 
94	44.3   
95.4	44.4 
96.8	44.5 
98.2	44.5 
99.6	44.5 
101	44.6  
103	44.7  
104	44.6  
106	44.7  
107	44.7  
109	44.7  
110	44.8  
112	45    
113	45    
115	45    
117	45.1  
118	45.1  
120	45.2  
122	45.2  
124	45.2  
125	45.3  
127	45.3  
129	45.3  
131	45.3  
133	45.4  
135	45.4  
137	45.3  
139	45.4  
141	45.4  
143	45.5  
145	45.4  
147	45.6  
149	45.4  
151	45.5  
154	45.5  
156	45.6  
158	45.5  
160	45.7  
163	45.7  
165	45.6  
168	45.7  
170	45.8  
172	45.8  
175	45.7  
177	45.7  
180	45.8  
183	45.8  
185	45.8  
188	45.7  
191	45.9  
194	45.9  
196	45.9  
199	45.9  
202	45.9  
205	45.9  
208	45.9  
211	45.9  
214	46    
217	45.9  
220	46    
224	45.9  
227	45.9  
230	46    
234	45.9  
237	46    
240	46    
244	46    
247	46    
251	46    
255	46.1  
258	46.1  
262	46    
266	46    
270	46    
274	46.1  
278	46.1  
282	46.1  
286	46.2  
290	46    
294	46.1  
298	46.1  
303	46.2  
307	46.2  
312	46.2  
316	46.2  
321	46.2  
325	46.1  
330	46.3  
335	46.2  
340	46.1  
345	46.1  
350	46.3  
355	46.3  
360	46.3  
365	46.4  
371	46.3  
376	46.4  
382	46.3  
387	46.2  
393	46.3  
398	46.4  
404	46.4  
410	46.3  
416	46.4  
422	46.3  
428	46.5  
434	46.4  
441	46.4  
447	46.5  
454	46.5  
460	46.5  
467	46.6  
474	46.5  
481	46.7  
488	46.7  
495	46.6  
502	46.7  
509	46.7  
517	46.8  
524	46.8  
532	46.9  
540	46.8  
547	46.9  
555	46.8  
563	46.8  
572	47    
580	46.9  
588	46.9  
597	46.9  
606	47.1  
614	47.1  
623	47    
632	47.2  
642	47.1  
651	47.2  
660	47.3  
670	47.2  
680	47.3  
690	47.4  
700	47.4  
710	47.4  
720	47.4  
731	47.4  
741	47.5  
752	47.5  
763	47.7  
774	47.7  
785	47.8  
797	47.8  
808	47.9  
820	47.9  
832	47.9  
844	48    
856	48.1  
869	48.1  
882	48.1  
894	48.3  
907	48.4  
921	48.4  
934	48.3  
948	48.4  
961	48.6  
975	48.7  
990	48.5  
1004	48.8 
1019	48.8 
1033	48.9 
1048	48.9 
1064	49   
1079	49.1 
1095	49.2 
1111	49.3 
1127	49.4 
1143	49.4 
1160	49.6 
1177	49.6 
1194	49.6 
1211	49.7 
1229	49.8 
1247	50   
1265	50.1 
1283	50.1 
1302	50.1 
1321	50.3 
1340	50.3 
1360	50.4 
1379	50.6 
1399	50.8 
1420	50.8 
1440	50.9 
1461	51   
1483	51.1 
1504	51.3 
1526	51.5 
1548	51.5 
1571	51.7 
1594	51.8 
1617	51.8 
1640	52.1 
1664	52.2 
1688	52.3 
1713	52.5 
1738	52.4 
1763	52.7 
1789	52.8 
1815	52.9 
1841	53.1 
1868	53.3 
1895	53.2 
1923	53.4 
1951	53.5 
1979	53.6 
2008	53.8 
2037	54   
2067	54   
2097	54.1 
2127	54.2 
2158	54.4 
2190	54.6 
2221	54.7 
2254	54.6 
2287	54.8 
2320	54.9 
2354	54.8 
2388	55   
2423	55   
2458	55.1 
2494	55.1 
2530	54.9 
2567	54.8 
2604	54.4 
2642	54.2 
2680	53.7 
2719	53.1 
2759	52.3 
2799	51.2 
2840	50.3 
2881	49.6 
2923	48.9 
2965	48.4 
3008	48.2 
3052	48.5 
3097	49   
3142	49.7 
3187	50.6 
3234	51.3 
3281	52   
3328	52.7 
3377	52.8 
3426	53.1 
3476	53.2 
3526	53   
3578	52.9 
3630	52.7 
3682	52.5 
3736	52.3 
3790	52   
3846	51.9 
3901	51.7 
3958	51.4 
4016	51.2 
4074	51.1 
4133	50.9 
4194	50.6 
4255	50.4 
4316	50.4 
4379	50   
4443	49.6 
4508	49   
4573	48.4 
4640	47.6 
4707	47.3 
4776	47.2 
4845	47.5 
4916	47.9 
4987	48.2 
5060	48.2 
5133	48   
5208	47.9 
5284	47.8 
5360	47.5 
5438	47.3 
5518	47.2 
5598	47.1 
5679	47.1 
5762	46.8 
5846	46.3 
5931	45.9 
6017	45.7 
6104	46.2 
6193	46.8 
6283	47.3 
6375	47.4 
6467	47.7 
6561	47.8 
6657	48.1 
6754	48.2 
6852	48.2 
6952	47.8 
7053	47.3 
7155	47.2 
7259	47.4 
7365	47   
7472	46.5 
7581	45.9 
7691	45.4 
7803	44.9 
7916	44.2 
8032	43.6 
8148	43.7 
8267	43.7 
8387	43.4 
8509	43.4 
8633	43.2 
8758	42.7 
8886	42.5 
9015	42.8 
9146	42.9 
9279	42.7 
9414	42.6 
9551	42.2 
9690	42.1 
9831	42.3 
9974	42.2 
10119	42.1
10266	41.8
10416	41.6
10567	41.8
10721	41.7
10877	41.6
11035	41.1
11196	41.7
11358	41.7
11524	42  
11691	41.7
11861	42.1
12034	42  
12209	41.5
12386	41.3
12567	41.1
12749	40.9
12935	40.4
13123	40.4
13314	40.4
13507	40.2
13704	40.3
13903	40  
14105	39.9
14311	40  
14519	39.6
14730	39.8
14944	39.7
15162	39.8
15382	39.8
15606	40  
15833	40  
16063	39.6
16297	39.5
16534	39.1
16774	39.1
17018	38.9
17266	38.9
17517	38.8
17772	38.7
18030	38.8
18293	38.4
18559	38.7
18829	38.9
19102	38.7
19380	38.8
20000	38.1
overall dB	0.0 dB
decay	Average
averaging	No Smoothing
source	Totally Made Up


saved	--/-/--, --:-- AM
peak	0.0Hz
