
Frequency	dB	Unweighted
19.5	48.9 
19.8	49.1 
20.1	49.3 
20.3	49.3 
20.6	49.4 
20.9	49.6 
21.2	49.9 
21.6	49.9 
21.9	50.1 
22.2	50.3 
22.5	50.3 
22.8	50.5 
23.2	50.7 
23.5	50.9 
23.8	50.9 
24.2	51.1 
24.5	51.3 
24.9	51.5 
25.3	51.5 
25.6	51.7 
26	51.9   
26.4	52.1 
26.8	52.3 
27.2	52.4 
27.5	52.6 
28	52.7   
28.4	52.9 
28.8	52.9 
29.2	53.2 
29.6	53.5 
30	53.6   
30.5	53.6 
30.9	53.8 
31.4	54.1 
31.8	54.1 
32.3	54.3 
32.8	54.5 
33.2	54.6 
33.7	54.9 
34.2	54.9 
34.7	55.1 
35.2	55.3 
35.7	55.5 
36.2	55.6 
36.8	55.9 
37.3	56   
37.9	56.1 
38.4	56.3 
39	56.4   
39.5	56.5 
40.1	56.6 
40.7	56.8 
41.3	57   
41.9	57.2 
42.5	57.2 
43.1	57.3 
43.7	57.5 
44.4	57.7 
45	57.9   
45.7	57.9 
46.3	58.1 
47	58.1   
47.7	58.3 
48.4	58.3 
49.1	58.6 
49.8	58.7 
50.5	58.8 
51.3	58.8 
52	58.9   
52.8	59.1 
53.5	59.2 
54.3	59.3 
55.1	59.3 
55.9	59.4 
56.7	59.6 
57.5	59.6 
58.4	59.6 
59.2	59.7 
60.1	59.8 
61	59.9   
61.8	59.8 
62.7	59.8 
63.7	60   
64.6	60   
65.5	60   
66.5	59.9 
67.4	60   
68.4	60.1 
69.4	60   
70.4	60   
71.5	60.2 
72.5	60.1 
73.5	60   
74.6	60.2 
75.7	60.1 
76.8	60   
77.9	60   
79.1	60.1 
80.2	60   
81.4	60   
82.6	60.1 
83.8	60.1 
85	60.1   
86.2	59.9 
87.5	60   
88.7	60   
90	59.9   
91.3	60   
92.7	59.9 
94	59.9   
95.4	59.9 
96.8	59.9 
98.2	60   
99.6	59.8 
101	59.9  
103	59.9  
104	59.8  
106	59.9  
107	59.8  
109	59.8  
110	59.8  
112	59.7  
113	59.8  
115	59.7  
117	59.6  
118	59.7  
120	59.6  
122	59.6  
124	59.5  
125	59.5  
127	59.5  
129	59.5  
131	59.6  
133	59.5  
135	59.5  
137	59.3  
139	59.5  
141	59.4  
143	59.4  
145	59.3  
147	59.4  
149	59.3  
151	59.4  
154	59.2  
156	59.2  
158	59.1  
160	59.2  
163	59.2  
165	59.2  
168	59.1  
170	59.1  
172	58.9  
175	59    
177	59.1  
180	59    
183	58.9  
185	58.9  
188	58.8  
191	58.9  
194	58.7  
196	58.9  
199	58.7  
202	58.8  
205	58.8  
208	58.7  
211	58.7  
214	58.6  
217	58.6  
220	58.5  
224	58.6  
227	58.5  
230	58.5  
234	58.4  
237	58.5  
240	58.3  
244	58.4  
247	58.3  
251	58.3  
255	58.3  
258	58.2  
262	58.3  
266	58.3  
270	58.3  
274	58.1  
278	58.1  
282	58.1  
286	58.1  
290	58    
294	58.1  
298	58.1  
303	58.1  
307	57.9  
312	58    
316	57.9  
321	57.9  
325	57.8  
330	57.9  
335	57.9  
340	57.8  
345	57.8  
350	57.8  
355	57.8  
360	57.6  
365	57.6  
371	57.7  
376	57.6  
382	57.6  
387	57.6  
393	57.5  
398	57.6  
404	57.6  
410	57.4  
416	57.6  
422	57.5  
428	57.3  
434	57.3  
441	57.5  
447	57.4  
454	57.3  
460	57.4  
467	57.4  
474	57.3  
481	57.4  
488	57.3  
495	57.2  
502	57.2  
509	57.2  
517	57.3  
524	57.2  
532	57.2  
540	57.1  
547	57.3  
555	57.2  
563	57.2  
572	57.1  
580	57.2  
588	57.2  
597	57.2  
606	57.2  
614	57.2  
623	57.1  
632	57.2  
642	57.2  
651	57.2  
660	57.1  
670	57.2  
680	57.2  
690	57.2  
700	57.1  
710	57.1  
720	57.2  
731	57.2  
741	57.2  
752	57.2  
763	57.1  
774	57.3  
785	57.3  
797	57.2  
808	57.2  
820	57.2  
832	57.3  
844	57.3  
856	57.3  
869	57.3  
882	57.4  
894	57.3  
907	57.4  
921	57.5  
934	57.4  
948	57.6  
961	57.6  
975	57.6  
990	57.7  
1004	57.7 
1019	57.7 
1033	57.8 
1048	57.8 
1064	57.9 
1079	57.7 
1095	57.9 
1111	57.9 
1127	58   
1143	58.1 
1160	58   
1177	58.2 
1194	58.2 
1211	58.3 
1229	58.4 
1247	58.5 
1265	58.5 
1283	58.4 
1302	58.7 
1321	58.6 
1340	58.7 
1360	58.9 
1379	58.8 
1399	58.9 
1420	59.1 
1440	59.2 
1461	59.2 
1483	59.3 
1504	59.4 
1526	59.5 
1548	59.7 
1571	59.7 
1594	59.9 
1617	59.9 
1640	60   
1664	60.2 
1688	60.4 
1713	60.5 
1738	60.6 
1763	60.7 
1789	61   
1815	61   
1841	61.3 
1868	61.4 
1895	61.6 
1923	61.8 
1951	62.1 
1979	62.3 
2008	62.5 
2037	62.7 
2067	62.9 
2097	63.2 
2127	63.5 
2158	63.7 
2190	64.1 
2221	64.3 
2254	64.6 
2287	65   
2320	65.4 
2354	65.7 
2388	66   
2423	66.3 
2458	66.7 
2494	66.9 
2530	67.2 
2567	67.4 
2604	67.7 
2642	67.9 
2680	68.1 
2719	68.4 
2759	68.5 
2799	68.4 
2840	68.3 
2881	68.2 
2923	68.2 
2965	67.9 
3008	67.6 
3052	67.4 
3097	67.2 
3142	66.8 
3187	66.6 
3234	66.3 
3281	65.8 
3328	65.6 
3377	65.2 
3426	64.9 
3476	64.6 
3526	64.5 
3578	64.2 
3630	64   
3682	63.7 
3736	63.7 
3790	63.6 
3846	63.4 
3901	63.6 
3958	63.5 
4016	63.7 
4074	63.7 
4133	63.9 
4194	63.9 
4255	63.7 
4316	63.3 
4379	62.9 
4443	62.4 
4508	61.7 
4573	61.1 
4640	60.4 
4707	59.8 
4776	59.4 
4845	59   
4916	58.7 
4987	58.5 
5060	58.2 
5133	57.9 
5208	57.8 
5284	57.7 
5360	57.6 
5438	57.5 
5518	57.4 
5598	57.4 
5679	57.3 
5762	57.3 
5846	57.2 
5931	57.2 
6017	57.1 
6104	56.9 
6193	56.9 
6283	56.7 
6375	56.7 
6467	56.6 
6561	56.6 
6657	56.4 
6754	56.5 
6852	56.6 
6952	56.6 
7053	56.8 
7155	56.6 
7259	56.4 
7365	56.1 
7472	55.8 
7581	55.4 
7691	55.1 
7803	54.9 
7916	54.8 
8032	54.5 
8148	54.4 
8267	54.2 
8387	54   
8509	53.8 
8633	53.7 
8758	53.5 
8886	53.2 
9015	53.4 
9146	53.4 
9279	53.4 
9414	53.4 
9551	53   
9690	52.7 
9831	52.5 
9974	52.2 
10119	52.2
10266	52  
10416	52  
10567	52  
10721	51.7
10877	51.8
11035	51.8
11196	52  
11358	52  
11524	51.8
11691	51.7
11861	51.6
12034	51.7
12209	51.5
12386	51.6
12567	51.4
12749	51.7
12935	51.8
13123	51.8
13314	51.4
13507	51.4
13704	51.4
13903	51.3
14105	51.3
14311	51.3
14519	51.5
14730	51.6
14944	51.2
15162	51.2
15382	51.3
15606	51.2
15833	51.2
16063	51.4
16297	51.3
16534	51.1
16774	51.1
17018	51.2
17266	51.3
17517	51.2
17772	51.1
18030	51  
18293	51.1
18559	51.2
18829	51.3
19102	51.1
19380	51.1
20000	51.2
overall dB	0.0 dB
decay	Average
averaging	No Smoothing
source	Totally Made Up


saved	--/-/--, --:-- AM
peak	0.0Hz
