* Measurement data measured by REW V5.20
* Source: USB-C to 3.5mm Headphone Jack Adapter, USB-C to 3.5mm Headphone Jack Adapter, 0, volume: 0.138
* Format: 256k Log Swept Sine, 1 sweep at -12.0 dBFS with no timing reference
* Dated: Apr 3, 2021 2:10:42 PM
* REW Settings:
*  C-weighting compensation: Off
*  Target level: 75.0 dB
* Note: 
* Measurement: Audio Lokahi
* Smoothing: None
* Frequency Step: 1/48 octave
* Start Frequency: 20.300 Hz
*
* Freq(Hz)	SPL(dB)	Phase(degrees)
20.299999	109.952362	-159.2829
20.600000	109.982094	-159.7279
20.900000	109.998741	-160.1178
21.200001	110.010590	-160.4870
21.400000	110.018341	-160.7253
21.799999	110.036469	-161.2015
22.000000	110.046982	-161.4473
22.400000	110.068726	-161.9614
22.700001	110.082878	-162.3629
23.000000	110.093597	-162.7667
23.299999	110.100784	-163.1614
23.600000	110.105652	-163.5401
24.000000	110.111725	-164.0221
24.299999	110.117691	-164.3759
24.700001	110.128349	-164.8517
25.000000	110.137726	-165.2143
25.400000	110.150986	-165.6981
25.799999	110.164650	-166.1666
26.200001	110.179100	-166.6096
26.500000	110.190468	-166.9266
26.900000	110.205185	-167.3373
27.200001	110.214684	-167.6409
27.600000	110.223808	-168.0406
28.000000	110.228821	-168.4310
28.500000	110.232140	-168.9042
29.000000	110.236794	-169.3743
29.500000	110.244499	-169.8586
30.000000	110.253494	-170.3540
30.400000	110.260323	-170.7423
30.700001	110.265129	-171.0201
31.100000	110.271500	-171.3685
31.500000	110.278076	-171.6964
32.000000	110.286026	-172.0936
32.500000	110.292328	-172.4923
33.000000	110.296181	-172.8987
33.500000	110.298096	-173.3086
34.000000	110.299271	-173.7118
34.500000	110.300827	-174.0984
35.000000	110.303391	-174.4650
35.500000	110.306763	-174.8176
36.000000	110.309807	-175.1674
36.500000	110.311462	-175.5211
37.000000	110.311722	-175.8783
37.500000	110.311409	-176.2346
38.200001	110.311035	-176.7225
38.700001	110.310501	-177.0554
39.500000	110.308609	-177.5553
40.000000	110.307320	-177.8573
40.599998	110.306084	-178.2253
41.200001	110.305161	-178.6024
41.799999	110.304558	-178.9785
42.500000	110.304031	-179.4036
43.099998	110.302536	-179.7577
43.700001	110.298676	179.8930
44.400002	110.291992	179.4962
45.000000	110.287720	179.1697
45.500000	110.286682	178.9016
46.200001	110.286217	178.5212
46.799999	110.282410	178.1974
47.500000	110.273689	177.8388
48.200001	110.265205	177.4875
48.700001	110.260437	177.2268
49.400002	110.254272	176.8564
50.000000	110.249428	176.5528
50.799999	110.243729	176.1683
51.500000	110.237000	175.8370
52.200001	110.228218	175.5095
53.000000	110.218681	175.1312
53.799999	110.208954	174.7425
54.500000	110.199593	174.4164
55.200001	110.192108	174.1096
56.000000	110.185341	173.7556
57.000000	110.172653	173.3149
58.000000	110.159912	172.9008
59.000000	110.148102	172.4550
60.000000	110.129593	172.0170
60.799999	110.116608	171.7010
61.500000	110.108505	171.4139
62.200001	110.099480	171.1090
63.000000	110.086540	170.7734
64.000000	110.071831	170.3945
65.000000	110.057854	170.0101
66.000000	110.038521	169.6219
67.000000	110.021393	169.2513
68.000000	110.005318	168.8629
69.000000	109.985733	168.4930
70.000000	109.968552	168.1257
71.000000	109.950104	167.7501
72.000000	109.931076	167.3894
73.000000	109.911491	167.0295
74.000000	109.891762	166.6741
75.000000	109.872147	166.3346
76.199997	109.849609	165.9070
77.500000	109.817146	165.4465
78.800003	109.789696	165.0374
80.000000	109.763245	164.6686
81.199997	109.740257	164.1991
82.500000	109.708946	163.7913
83.800003	109.679199	163.3446
85.000000	109.640945	162.9786
86.199997	109.624901	162.5704
87.500000	109.588188	162.1926
88.500000	109.560226	161.9098
90.000000	109.514786	161.3973
91.199997	109.483963	161.0212
92.500000	109.446350	160.6420
93.800003	109.412308	160.2756
95.000000	109.372330	159.9322
96.199997	109.341934	159.6161
97.500000	109.303154	159.2050
98.800003	109.262802	158.8576
100.000000	109.224907	158.5020
101.500000	109.175201	158.0926
103.000000	109.134842	157.7260
104.400002	109.087997	157.3352
106.000000	109.034843	156.9005
107.500000	108.980804	156.5237
109.000000	108.934029	156.1259
110.599998	108.871391	155.7210
112.000000	108.820992	155.3600
113.800003	108.757088	154.9428
115.000000	108.712997	154.6323
117.199997	108.629364	154.1470
118.000000	108.595688	153.9675
120.599998	108.503403	153.3380
122.000000	108.440186	153.0926
124.099998	108.352249	152.6252
125.000000	108.318298	152.4622
126.500000	108.253250	152.1875
128.000000	108.185532	151.9045
131.500000	108.039932	151.2928
132.000000	108.017982	151.2017
134.000000	107.928902	150.8869
136.000000	107.839600	150.5743
138.000000	107.751671	150.2788
140.000000	107.660515	149.9857
143.000000	107.522148	149.6012
145.000000	107.428185	149.3421
147.500000	107.314972	149.1461
150.000000	107.194176	148.9255
152.500000	107.079361	148.7542
155.000000	106.974098	148.6596
157.500000	106.873734	148.6432
160.000000	106.787323	148.5554
162.500000	106.723679	148.4125
165.000000	106.646942	148.1541
167.500000	106.558853	147.7972
170.000000	106.455009	147.4409
172.500000	106.335815	147.1868
175.000000	106.217209	146.9634
177.500000	106.093422	146.7937
180.000000	105.969772	146.7003
182.500000	105.848709	146.6059
185.000000	105.729767	146.5802
187.500000	105.607918	146.5641
190.000000	105.493050	146.6009
192.500000	105.373802	146.6403
195.000000	105.261909	146.6966
197.500000	105.148560	146.7985
200.000000	105.034821	146.9167
203.000000	104.900566	147.0886
206.000000	104.773987	147.2964
209.000000	104.646767	147.4846
212.000000	104.519699	147.7384
214.000000	104.443436	147.9048
218.000000	104.285469	148.2921
220.000000	104.207588	148.4993
224.000000	104.055908	148.9105
227.000000	103.947266	149.2945
230.000000	103.839867	149.6468
233.000000	103.738869	150.0321
236.000000	103.637718	150.4359
240.000000	103.514168	150.9850
243.000000	103.419762	151.3885
247.000000	103.299347	151.9615
250.000000	103.217567	152.4203
254.000000	103.108627	153.0458
258.000000	103.005394	153.6391
262.000000	102.908623	154.2834
265.000000	102.836777	154.7333
269.000000	102.750107	155.3856
272.000000	102.682022	155.8691
276.000000	102.602959	156.4956
280.000000	102.528168	157.1554
285.000000	102.437904	157.9491
290.000000	102.355171	158.7618
295.000000	102.277527	159.5788
300.000000	102.204613	160.4008
304.000000	102.150452	161.0476
307.000000	102.111267	161.5052
311.000000	102.064774	162.1482
315.000000	102.016228	162.8132
320.000000	101.957443	163.6311
325.000000	101.908943	164.4815
330.000000	101.857948	165.4081
335.000000	101.819672	166.4093
340.000000	101.801514	167.4634
345.000000	101.821495	168.5713
350.000000	101.887741	169.5403
355.000000	101.975357	170.0986
360.000000	102.041451	170.3672
365.000000	102.069374	170.4886
370.000000	102.067680	170.6454
375.000000	102.055222	170.9136
382.000000	102.032074	171.3579
387.000000	102.016785	171.7081
395.000000	101.992409	172.3289
400.000000	101.980179	172.7153
406.000000	101.971214	173.1920
412.000000	101.959503	173.6501
418.000000	101.951500	174.1104
425.000000	101.943054	174.6240
431.000000	101.939392	175.0553
437.000000	101.934616	175.4764
444.000000	101.932533	175.9518
450.000000	101.929054	176.3518
455.000000	101.928421	176.6799
462.000000	101.925194	177.1306
468.000000	101.924393	177.4971
475.000000	101.919952	177.9130
482.000000	101.920349	178.3246
487.000000	101.919823	178.6038
494.000000	101.918434	178.9804
500.000000	101.915001	179.3089
508.000000	101.913452	179.7465
515.000000	101.910400	-179.8778
522.000000	101.907257	-179.5211
530.000000	101.904381	-179.1180
538.000000	101.899109	-178.7068
545.000000	101.895554	-178.3777
552.000000	101.892448	-178.0371
560.000000	101.889595	-177.6509
570.000000	101.881233	-177.1736
580.000000	101.872559	-176.6943
590.000000	101.865005	-176.2403
600.000000	101.857422	-175.7776
608.000000	101.850426	-175.4176
615.000000	101.843681	-175.0929
622.000000	101.838196	-174.7757
630.000000	101.829666	-174.4074
640.000000	101.819504	-173.9482
650.000000	101.809959	-173.4841
660.000000	101.799095	-173.0038
670.000000	101.789474	-172.5441
680.000000	101.779800	-172.0712
690.000000	101.768959	-171.5960
700.000000	101.760208	-171.1273
710.000000	101.750763	-170.6423
720.000000	101.741241	-170.1546
730.000000	101.732666	-169.6573
740.000000	101.726227	-169.1730
750.000000	101.718628	-168.6637
762.000000	101.710648	-168.0535
775.000000	101.706284	-167.3790
788.000000	101.700539	-166.6995
800.000000	101.698883	-166.0623
812.000000	101.698471	-165.4176
825.000000	101.699562	-164.7016
838.000000	101.704910	-163.9986
850.000000	101.711075	-163.3355
862.000000	101.722282	-162.6761
875.000000	101.735229	-161.9476
885.000000	101.746674	-161.3947
900.000000	101.768913	-160.5556
912.000000	101.789520	-159.8777
925.000000	101.815781	-159.1613
938.000000	101.844536	-158.4373
950.000000	101.875267	-157.7886
962.000000	101.908607	-157.1435
975.000000	101.946251	-156.4463
988.000000	101.988388	-155.7737
1000.000000	102.029808	-155.1584
1015.000000	102.083313	-154.3990
1030.000000	102.140038	-153.6911
1044.000000	102.195297	-153.0123
1060.000000	102.261543	-152.2776
1075.000000	102.324226	-151.6167
1090.000000	102.388138	-150.9578
1106.000000	102.456276	-150.3016
1120.000000	102.517548	-149.7348
1138.000000	102.594582	-149.0213
1150.000000	102.646042	-148.5616
1172.000000	102.739983	-147.7234
1180.000000	102.774345	-147.4228
1206.000000	102.887260	-146.4473
1220.000000	102.946625	-145.9159
1241.000000	103.042145	-145.1148
1250.000000	103.082939	-144.7665
1265.000000	103.154747	-144.1895
1280.000000	103.225815	-143.6097
1315.000000	103.410873	-142.2675
1320.000000	103.439232	-142.0773
1340.000000	103.557121	-141.3307
1360.000000	103.681366	-140.6248
1380.000000	103.812714	-139.9341
1400.000000	103.951263	-139.3016
1430.000000	104.168625	-138.4555
1450.000000	104.315453	-137.9599
1475.000000	104.503304	-137.4192
1500.000000	104.691612	-136.9898
1525.000000	104.877914	-136.6394
1550.000000	105.059975	-136.3565
1575.000000	105.236794	-136.1523
1600.000000	105.407333	-135.9980
1625.000000	105.571579	-135.8806
1650.000000	105.730309	-135.7827
1675.000000	105.888397	-135.6994
1700.000000	106.044815	-135.6260
1725.000000	106.202293	-135.5872
1750.000000	106.357605	-135.5669
1775.000000	106.513031	-135.5820
1800.000000	106.669556	-135.6237
1825.000000	106.826790	-135.7025
1850.000000	106.982971	-135.8034
1875.000000	107.139420	-135.9478
1900.000000	107.297951	-136.1318
1925.000000	107.457870	-136.3674
1950.000000	107.617867	-136.6399
1975.000000	107.779884	-136.9757
2000.000000	107.941757	-137.3837
2030.000000	108.134834	-137.9835
2060.000000	108.322746	-138.7095
2090.000000	108.499466	-139.5591
2120.000000	108.665695	-140.5020
2140.000000	108.767899	-141.1757
2180.000000	108.954323	-142.6626
2200.000000	109.037872	-143.4627
2240.000000	109.177643	-145.1513
2270.000000	109.260887	-146.4925
2300.000000	109.323013	-147.8797
2330.000000	109.362518	-149.3017
2360.000000	109.379982	-150.7396
2400.000000	109.365776	-152.6496
2430.000000	109.327553	-154.0440
2470.000000	109.240784	-155.8188
2500.000000	109.150963	-157.0631
2540.000000	109.004356	-158.5804
2580.000000	108.832001	-159.9117
2620.000000	108.637306	-161.0293
2650.000000	108.482689	-161.7261
2690.000000	108.268738	-162.4663
2720.000000	108.106506	-162.8904
2760.000000	107.889107	-163.3091
2800.000000	107.673126	-163.5537
2850.000000	107.408516	-163.6552
2900.000000	107.148048	-163.5307
2950.000000	106.893463	-163.2082
3000.000000	106.650436	-162.6859
3040.000000	106.464577	-162.1400
3070.000000	106.330246	-161.6660
3110.000000	106.157440	-160.9514
3150.000000	105.991470	-160.1416
3200.000000	105.794678	-158.9774
3250.000000	105.607941	-157.6380
3300.000000	105.431541	-156.0882
3350.000000	105.276291	-154.2678
3400.000000	105.159470	-152.0954
3450.000000	105.113556	-149.6358
3500.000000	105.170609	-147.0988
3550.000000	105.326233	-144.8883
3600.000000	105.542534	-143.2857
3650.000000	105.758965	-142.3113
3700.000000	105.932327	-141.7913
3750.000000	106.049217	-141.4288
3820.000000	106.135498	-140.7873
3870.000000	106.175575	-140.0585
3950.000000	106.261475	-138.4161
4000.000000	106.358360	-137.1998
4060.000000	106.522476	-135.7158
4120.000000	106.742470	-134.3320
4180.000000	107.008713	-133.1379
4250.000000	107.363251	-132.0866
4310.000000	107.693398	-131.4877
4370.000000	108.039696	-131.1803
4440.000000	108.460052	-131.1947
4500.000000	108.829376	-131.5277
4550.000000	109.143143	-132.0471
4620.000000	109.588333	-133.2048
4680.000000	109.965179	-134.6530
4750.000000	110.383110	-136.9295
4820.000000	110.748634	-139.8766
4870.000000	110.960754	-142.3709
4940.000000	111.156944	-146.3199
5000.000000	111.211670	-149.9586
5080.000000	111.103485	-154.8037
5150.000000	110.851952	-158.6524
5220.000000	110.486855	-161.8329
5300.000000	109.989151	-164.4499
5380.000000	109.478073	-165.9694
5450.000000	109.071724	-166.5113
5520.000000	108.738686	-166.5480
5600.000000	108.474945	-166.3177
5700.000000	108.322289	-166.3959
5800.000000	108.274361	-167.8765
5900.000000	108.086510	-171.2064
6000.000000	107.517441	-175.0501
6080.000000	106.809998	-176.9642
6150.000000	106.119827	-177.2901
6220.000000	105.456390	-176.4209
6300.000000	104.790771	-174.3543
6400.000000	104.132469	-170.7268
6500.000000	103.669044	-166.4833
6600.000000	103.384727	-161.9904
6700.000000	103.255219	-157.4222
6800.000000	103.275284	-152.9034
6900.000000	103.437187	-148.6199
7000.000000	103.672485	-144.7705
7100.000000	104.104279	-139.7542
7200.000000	104.831413	-136.0628
7300.000000	105.784264	-133.4328
7400.000000	106.975975	-132.8482
7500.000000	108.249962	-135.3496
7620.000000	109.563622	-142.1405
7750.000000	110.581001	-152.9199
7880.000000	110.945587	-166.9177
8000.000000	110.382286	179.7009
8120.000000	109.108505	169.5500
8250.000000	107.463051	163.4716
8380.000000	105.919205	161.2646
8500.000000	104.681976	161.3077
8620.000000	103.627319	162.5205
8750.000000	102.668663	164.6032
8850.000000	102.047554	166.5190
9000.000000	101.241089	169.7195
9120.000000	100.706650	172.5612
9250.000000	100.243912	175.8594
9380.000000	99.912628	179.2982
9500.000000	99.714645	-177.6167
9620.000000	99.590538	-174.4013
9750.000000	99.646423	-171.2888
9880.000000	99.806145	-168.9554
10000.000000	99.982491	-167.3718
10150.000000	100.212418	-165.6253
10300.000000	100.611855	-163.4400
10440.000000	101.264763	-162.2639
10600.000000	102.250557	-163.0521
10750.000000	103.304283	-166.5292
10900.000000	104.315750	-173.3197
11060.000000	105.062042	175.9327
11200.000000	105.246422	164.6996
11380.000000	104.753250	150.2870
11500.000000	104.084267	141.9957
11720.000000	102.570152	130.0176
11800.000000	101.985619	126.3732
12060.000000	99.846535	115.3708
12200.000000	98.288589	110.4169
12410.000000	95.229187	109.7018
12500.000000	93.931046	113.7719
12650.000000	92.582169	125.5575
12800.000000	92.442551	137.5985
13150.000000	94.079674	152.7982
13200.000000	94.371933	153.8950
13400.000000	95.602112	156.4868
13600.000000	96.971588	157.0550
13800.000000	98.564072	155.6729
14000.000000	100.419525	151.5226
14300.000000	103.742104	137.4011
14500.000000	105.954803	118.5992
14750.000000	107.005081	84.8801
15000.000000	105.774055	55.9406
15250.000000	104.310326	37.4536
15500.000000	103.704575	23.7556
15750.000000	104.135818	8.8063
16000.000000	105.678848	-12.2813
16250.000000	107.507446	-50.7750
16500.000000	105.896530	-101.9473
16750.000000	101.740677	-138.7570
17000.000000	97.499069	-161.1023
17250.000000	93.914871	-175.9029
17500.000000	90.908966	173.9568
17750.000000	88.703560	170.7314
18000.000000	89.103004	166.7109
18250.000000	90.053085	141.5291
18500.000000	89.129623	110.4397
18750.000000	87.635994	80.1279
19000.000000	86.076790	46.8633
19250.000000	84.332268	7.2034
19500.000000	81.932022	-41.5304
19750.000000	78.154732	-99.0654
