* Measurement data measured by REW V5.20
* Source: USB-C to 3.5mm Headphone Jack Adapter, USB-C to 3.5mm Headphone Jack Adapter, 0, volume: 0.663. Timing signal peak level -5.9 dBFS, measurement signal peak level -6.0 dBFS
* Format: 256k Log Swept Sine, 1 sweep at -12.0 dBFS using an acoustic timing reference
* Dated: Apr 3, 2021 7:13:58 PM
* REW Settings:
*  C-weighting compensation: Off
*  Target level: 75.0 dB
* Note: ; Delay -0.1568 ms (-54 mm, -2.12 in) using estimated IR delay relative to Acoustic reference on USB-C to 3.5mm Headphone Jack Adapter L with no timing offset
* Measurement: FLC8P (gld / wht / gun)
* Smoothing: 1/12 octave
* Frequency Step: 1/48 octave
* Start Frequency: 20.300 Hz
*
* Freq(Hz)	SPL(dB)	Phase(degrees)
20.299999	101.377815	-159.5168
20.600000	101.377281	-159.7283
20.900000	101.374260	-160.2322
21.200001	101.366547	-160.7900
21.400000	101.358643	-161.1581
21.799999	101.340034	-161.8572
22.000000	101.331238	-162.1866
22.400000	101.317490	-162.8197
22.700001	101.311111	-163.2895
23.000000	101.306702	-163.7668
23.299999	101.302170	-164.2551
23.600000	101.295601	-164.7498
24.000000	101.282310	-165.4004
24.299999	101.269928	-165.8675
24.700001	101.253304	-166.4523
25.000000	101.242821	-166.8665
25.400000	101.232430	-167.4002
25.799999	101.224091	-167.9276
26.200001	101.213814	-168.4494
26.500000	101.203003	-168.8287
26.900000	101.184357	-169.3048
27.200001	101.168457	-169.6361
27.600000	101.147484	-170.0518
28.000000	101.128838	-170.4579
28.500000	101.108849	-170.9837
29.000000	101.089256	-171.5400
29.500000	101.066986	-172.1062
30.000000	101.041382	-172.6526
30.400000	101.019142	-173.0659
30.700001	101.001839	-173.3620
31.100000	100.978363	-173.7415
31.500000	100.955070	-174.1080
32.000000	100.927406	-174.5565
32.500000	100.902107	-175.0025
33.000000	100.878204	-175.4469
33.500000	100.853638	-175.8769
34.000000	100.827194	-176.2720
34.500000	100.799728	-176.6223
35.000000	100.773140	-176.9416
35.500000	100.748199	-177.2589
36.000000	100.723495	-177.5976
36.500000	100.696808	-177.9580
37.000000	100.667328	-178.3165
37.500000	100.636536	-178.6468
38.200001	100.595566	-179.0514
38.700001	100.568382	-179.3215
39.500000	100.523376	-179.7665
40.000000	100.493011	179.9490
40.599998	100.457214	179.6159
41.200001	100.424789	179.2962
41.799999	100.394257	178.9919
42.500000	100.356995	178.6672
43.099998	100.323929	178.4133
43.700001	100.292549	178.1606
44.400002	100.259880	177.8479
45.000000	100.234512	177.5724
45.500000	100.213478	177.3476
46.200001	100.179718	177.0439
46.799999	100.143127	176.7949
47.500000	100.092270	176.5267
48.200001	100.039825	176.2977
48.700001	100.006325	176.1635
49.400002	99.969131	176.0060
50.000000	99.945099	175.8673
50.799999	99.913605	175.6295
51.500000	99.875900	175.3872
52.200001	99.827972	175.1670
53.000000	99.770798	174.9623
53.799999	99.719833	174.7734
54.500000	99.681297	174.6198
55.200001	99.646812	174.5019
56.000000	99.606857	174.3874
57.000000	99.547318	174.1129
58.000000	99.500046	173.4796
59.000000	99.483231	172.4943
60.000000	99.446785	171.8134
60.799999	99.390617	171.9413
61.500000	99.338799	172.3871
62.200001	99.290901	172.8109
63.000000	99.239250	173.0528
64.000000	99.183189	173.0630
65.000000	99.135963	172.9768
66.000000	99.087456	172.9037
67.000000	99.038422	172.8254
68.000000	98.993790	172.7372
69.000000	98.951454	172.6718
70.000000	98.907028	172.6241
71.000000	98.859879	172.5619
72.000000	98.811600	172.4860
73.000000	98.763206	172.4237
74.000000	98.715088	172.3864
75.000000	98.669914	172.3645
76.199997	98.625854	172.3427
77.500000	98.587677	172.3228
78.800003	98.542061	172.3474
80.000000	98.488792	172.4213
81.199997	98.431030	172.4844
82.500000	98.369713	172.4977
83.800003	98.313797	172.4794
85.000000	98.266335	172.4813
86.199997	98.220665	172.5165
87.500000	98.173210	172.5750
88.500000	98.138680	172.6214
90.000000	98.087997	172.6858
91.199997	98.046761	172.7382
92.500000	98.001801	172.8040
93.800003	97.957115	172.8827
95.000000	97.916122	172.9628
96.199997	97.875336	173.0422
97.500000	97.831909	173.1216
98.800003	97.789627	173.1929
100.000000	97.751122	173.2594
101.500000	97.703262	173.3560
103.000000	97.655838	173.4682
104.400002	97.612366	173.5833
106.000000	97.564430	173.7253
107.500000	97.520744	173.8654
109.000000	97.477325	174.0114
110.599998	97.432693	174.1782
112.000000	97.396469	174.3336
113.800003	97.356194	174.5575
115.000000	97.336128	174.7479
117.199997	97.322632	175.2521
118.000000	97.323280	175.4776
120.599998	97.284019	175.9715
122.000000	97.218628	175.9614
124.099998	97.111961	175.8943
125.000000	97.074707	175.9216
126.500000	97.025070	176.0502
128.000000	96.986343	176.2495
131.500000	96.914062	176.8124
132.000000	96.905220	176.8917
134.000000	96.873390	177.1813
136.000000	96.843803	177.4207
138.000000	96.813492	177.6254
140.000000	96.782036	177.8255
143.000000	96.731880	178.1621
145.000000	96.697365	178.3974
147.500000	96.656303	178.6772
150.000000	96.619370	178.9531
152.500000	96.581505	179.2279
155.000000	96.538300	179.4938
157.500000	96.494476	179.7704
160.000000	96.453247	-179.9257
162.500000	96.416183	-179.5921
165.000000	96.382050	-179.2498
167.500000	96.349693	-178.9219
170.000000	96.316040	-178.6107
172.500000	96.281136	-178.2912
175.000000	96.244919	-177.9678
177.500000	96.206200	-177.6333
180.000000	96.171326	-177.2936
182.500000	96.142204	-176.9749
185.000000	96.113197	-176.6588
187.500000	96.083954	-176.3380
190.000000	96.055824	-176.0277
192.500000	96.027191	-175.7274
195.000000	95.995880	-175.4226
197.500000	95.963577	-175.0960
200.000000	95.932373	-174.7459
203.000000	95.897507	-174.2991
206.000000	95.870415	-173.8415
209.000000	95.850098	-173.4270
212.000000	95.828667	-173.0592
214.000000	95.813492	-172.8238
218.000000	95.783195	-172.3890
220.000000	95.765022	-172.1876
224.000000	95.717499	-171.7107
227.000000	95.679466	-171.2097
230.000000	95.649155	-170.6005
233.000000	95.628174	-169.9573
236.000000	95.610573	-169.3563
240.000000	95.577484	-168.7648
243.000000	95.541550	-168.5205
247.000000	95.491211	-168.2434
250.000000	95.457451	-167.9162
254.000000	95.414452	-167.2624
258.000000	95.365150	-166.3779
262.000000	95.298523	-165.3383
265.000000	95.241516	-164.5548
269.000000	95.184204	-163.6104
272.000000	95.175537	-163.0168
276.000000	95.227776	-162.3745
280.000000	95.328117	-161.7812
285.000000	95.424698	-161.1604
290.000000	95.459320	-160.8880
295.000000	95.461685	-160.7634
300.000000	95.440681	-160.5386
304.000000	95.415710	-160.2331
307.000000	95.395218	-159.9478
311.000000	95.366669	-159.5396
315.000000	95.337395	-159.1206
320.000000	95.301193	-158.5818
325.000000	95.266571	-158.0193
330.000000	95.233032	-157.4346
335.000000	95.200317	-156.8345
340.000000	95.169708	-156.2242
345.000000	95.141144	-155.6077
350.000000	95.114120	-154.9803
355.000000	95.089394	-154.3472
360.000000	95.066338	-153.7145
365.000000	95.043144	-153.0742
370.000000	95.019981	-152.4204
375.000000	94.998062	-151.7579
382.000000	94.969734	-150.8311
387.000000	94.951088	-150.1823
395.000000	94.924866	-149.1747
400.000000	94.910263	-148.5569
406.000000	94.893234	-147.8121
412.000000	94.875366	-147.0489
418.000000	94.854820	-146.2714
425.000000	94.826851	-145.3684
431.000000	94.801712	-144.5918
437.000000	94.777550	-143.7996
444.000000	94.752014	-142.8540
450.000000	94.733559	-142.0298
455.000000	94.721489	-141.3365
462.000000	94.709702	-140.3599
468.000000	94.703201	-139.5285
475.000000	94.698051	-138.5830
482.000000	94.692413	-137.6768
487.000000	94.686172	-137.0511
494.000000	94.673409	-136.1807
500.000000	94.658920	-135.4206
508.000000	94.636627	-134.3723
515.000000	94.617020	-133.4173
522.000000	94.599953	-132.4249
530.000000	94.587250	-131.2433
538.000000	94.585747	-130.0101
545.000000	94.595894	-128.9073
552.000000	94.617805	-127.8376
560.000000	94.652702	-126.7251
570.000000	94.693016	-125.5199
580.000000	94.711250	-124.4303
590.000000	94.705261	-123.3002
600.000000	94.692566	-122.0220
608.000000	94.695076	-120.9156
615.000000	94.710472	-119.9586
622.000000	94.731575	-119.0613
630.000000	94.752525	-118.1025
640.000000	94.768387	-116.9323
650.000000	94.777077	-115.7395
660.000000	94.784599	-114.5200
670.000000	94.793488	-113.2887
680.000000	94.803871	-112.0662
690.000000	94.813629	-110.8661
700.000000	94.818848	-109.6838
710.000000	94.816284	-108.4949
720.000000	94.806213	-107.2589
730.000000	94.793373	-105.9373
740.000000	94.784615	-104.5240
750.000000	94.785553	-103.0469
762.000000	94.802376	-101.2402
775.000000	94.836746	-99.2871
788.000000	94.880692	-97.3628
800.000000	94.927444	-95.6181
812.000000	94.980751	-93.8969
825.000000	95.045097	-92.0503
838.000000	95.115143	-90.2162
850.000000	95.184708	-88.5288
862.000000	95.258659	-86.8489
875.000000	95.343010	-85.0403
885.000000	95.411194	-83.6576
900.000000	95.521347	-81.6130
912.000000	95.617554	-80.0154
925.000000	95.728012	-78.3134
938.000000	95.843300	-76.6301
950.000000	95.954285	-75.0951
962.000000	96.070671	-73.5870
975.000000	96.203018	-71.9906
988.000000	96.340668	-70.4346
1000.000000	96.471710	-69.0340
1015.000000	96.640793	-67.3333
1030.000000	96.815628	-65.6901
1044.000000	96.983688	-64.2123
1060.000000	97.180840	-62.5957
1075.000000	97.369720	-61.1527
1090.000000	97.561928	-59.7836
1106.000000	97.769646	-58.4089
1120.000000	97.952682	-57.2802
1138.000000	98.188950	-55.9320
1150.000000	98.346672	-55.0968
1172.000000	98.634583	-53.7015
1180.000000	98.738571	-53.2392
1206.000000	99.073128	-51.8995
1220.000000	99.250160	-51.2797
1241.000000	99.508759	-50.4882
1250.000000	99.616257	-50.2004
1265.000000	99.790024	-49.7882
1280.000000	99.956230	-49.4597
1315.000000	100.310181	-49.0227
1320.000000	100.356117	-48.9973
1340.000000	100.526031	-48.9850
1360.000000	100.671524	-49.1082
1380.000000	100.789719	-49.3484
1400.000000	100.877899	-49.6798
1430.000000	100.948112	-50.2889
1450.000000	100.950943	-50.7273
1475.000000	100.904457	-51.2512
1500.000000	100.803673	-51.6791
1525.000000	100.651741	-51.9445
1550.000000	100.454460	-51.9958
1575.000000	100.219040	-51.7930
1600.000000	99.953308	-51.3072
1625.000000	99.665848	-50.5227
1650.000000	99.364914	-49.4354
1675.000000	99.057297	-48.0490
1700.000000	98.748665	-46.3764
1725.000000	98.444717	-44.4356
1750.000000	98.150757	-42.2472
1775.000000	97.871010	-39.8356
1800.000000	97.608414	-37.2268
1825.000000	97.365181	-34.4439
1850.000000	97.143623	-31.5086
1875.000000	96.945824	-28.4432
1900.000000	96.772644	-25.2711
1925.000000	96.623909	-22.0151
1950.000000	96.499474	-18.6948
1975.000000	96.399506	-15.3260
2000.000000	96.323914	-11.9238
2030.000000	96.264847	-7.8186
2060.000000	96.239571	-3.7110
2090.000000	96.246971	0.3776
2120.000000	96.285805	4.4273
2140.000000	96.328354	7.0964
2180.000000	96.450722	12.3380
2200.000000	96.529518	14.9000
2240.000000	96.719810	19.8790
2270.000000	96.888969	23.4692
2300.000000	97.078430	26.9216
2330.000000	97.286095	30.2242
2360.000000	97.509232	33.3668
2400.000000	97.825607	37.2917
2430.000000	98.073288	40.0242
2470.000000	98.410980	43.3648
2500.000000	98.665016	45.6339
2540.000000	98.997429	48.3458
2580.000000	99.313393	50.7130
2620.000000	99.602600	52.7615
2650.000000	99.796669	54.1132
2690.000000	100.019463	55.7150
2720.000000	100.156944	56.8046
2760.000000	100.298737	58.1724
2800.000000	100.393791	59.5192
2850.000000	100.453667	61.2923
2900.000000	100.461761	63.2783
2950.000000	100.437111	65.5518
3000.000000	100.400497	68.1393
3040.000000	100.375816	70.4276
3070.000000	100.366142	72.2593
3110.000000	100.372131	74.8316
3150.000000	100.407051	77.5146
3200.000000	100.502594	80.9452
3250.000000	100.666870	84.3406
3300.000000	100.906296	87.5386
3350.000000	101.218719	90.3491
3400.000000	101.590729	92.5610
3450.000000	101.994370	93.9565
3500.000000	102.385361	94.3591
3550.000000	102.707230	93.7078
3600.000000	102.902283	92.1345
3650.000000	102.926231	89.9999
3700.000000	102.761063	87.8348
3750.000000	102.421249	86.1879
3820.000000	101.738831	85.4646
3870.000000	101.188995	86.2304
3950.000000	100.371712	89.3105
4000.000000	99.969437	91.9941
4060.000000	99.634041	95.5296
4120.000000	99.462914	99.0197
4180.000000	99.438660	102.1269
4250.000000	99.553108	104.9259
4310.000000	99.726410	106.4192
4370.000000	99.921776	106.9910
4440.000000	100.118973	106.5284
4500.000000	100.218224	105.3194
4550.000000	100.230911	103.9168
4620.000000	100.126915	101.6977
4680.000000	99.926605	99.8864
4750.000000	99.584351	98.2331
4820.000000	99.162285	97.3212
4870.000000	98.836174	97.1906
4940.000000	98.377380	97.7431
5000.000000	98.006401	98.8584
5080.000000	97.575439	101.1587
5150.000000	97.278458	103.8195
5220.000000	97.068100	106.9775
5300.000000	96.940048	111.0809
5380.000000	96.933334	115.6073
5450.000000	97.025421	119.8449
5520.000000	97.205826	124.2866
5600.000000	97.515289	129.5510
5700.000000	98.048225	136.3137
5800.000000	98.732361	143.1530
5900.000000	99.556099	149.9294
6000.000000	100.508209	156.4921
6080.000000	101.353584	161.4765
6150.000000	102.146912	165.5621
6220.000000	102.982033	169.3160
6300.000000	103.973831	173.1019
6400.000000	105.237961	176.9069
6500.000000	106.478828	179.4926
6600.000000	107.633881	-179.2590
6700.000000	108.641144	-179.3011
6800.000000	109.452393	179.6355
6900.000000	110.045273	178.0231
7000.000000	110.429863	176.4173
7100.000000	110.645042	175.2834
7200.000000	110.745567	174.8635
7300.000000	110.784706	175.1613
7400.000000	110.802246	176.0219
7500.000000	110.820831	177.2218
7620.000000	110.850983	178.7861
7750.000000	110.871971	-179.6999
7880.000000	110.845978	-178.5435
8000.000000	110.760254	-177.8840
8120.000000	110.579346	-177.7391
8250.000000	110.205795	-177.9566
8380.000000	109.612686	-177.9409
8500.000000	108.900116	-177.2941
8620.000000	108.076553	-176.0410
8750.000000	107.073380	-174.1082
8850.000000	106.216232	-172.1600
9000.000000	104.783737	-168.2725
9120.000000	103.507065	-164.0842
9250.000000	101.991119	-158.0812
9380.000000	100.352547	-150.1234
9500.000000	98.774818	-140.8032
9620.000000	97.208405	-129.6585
9750.000000	95.631973	-115.9674
9880.000000	94.285309	-101.2796
10000.000000	93.293167	-87.4200
10150.000000	92.372643	-70.2579
10300.000000	91.724831	-53.5862
10440.000000	91.285797	-38.5213
10600.000000	90.913803	-21.8126
10750.000000	90.657219	-6.5421
10900.000000	90.475922	8.4177
11060.000000	90.360863	24.0676
11200.000000	90.326492	37.5069
11380.000000	90.375580	54.4227
11500.000000	90.468269	65.4456
11720.000000	90.766586	85.0193
11800.000000	90.917160	91.9056
12060.000000	91.570671	113.2686
12200.000000	92.028915	123.9559
12410.000000	92.826439	138.4854
12500.000000	93.190132	144.0496
12650.000000	93.793266	152.3403
12800.000000	94.355637	159.3715
13150.000000	95.302711	171.4619
13200.000000	95.383179	172.8255
13400.000000	95.561943	177.8633
13600.000000	95.544571	-177.1956
13800.000000	95.410828	-171.8167
14000.000000	95.272484	-165.8303
14300.000000	95.343414	-156.2704
14500.000000	95.743065	-150.5016
14750.000000	96.669296	-145.9922
15000.000000	97.762833	-147.2847
15250.000000	98.427864	-156.1699
15500.000000	98.141434	-169.8053
15750.000000	96.763428	178.4446
16000.000000	94.541351	172.9230
16250.000000	91.890045	173.2709
16500.000000	89.204025	177.0836
16750.000000	86.761070	-177.8093
17000.000000	84.685623	-172.8700
17250.000000	82.972572	-169.0938
17500.000000	81.547943	-167.2745
17750.000000	80.315575	-168.1334
18000.000000	79.168457	-172.2942
18250.000000	77.982796	179.8885
18500.000000	76.621933	168.7146
18750.000000	74.977592	155.3989
19000.000000	73.068291	141.2856
19250.000000	71.198593	126.0050
19500.000000	69.920242	107.3217
19750.000000	69.368355	86.2462
