* Measurement data measured by REW V5.19
* Source: USB-C to 3.5mm Headphone Jack Adapter, no input selected, 0, volume: no control. Timing signal peak level -8.8 dBFS, measurement signal peak level -7.4 dBFS
* Format: 256k Log Swept Sine, 1 sweep at -12.0 dBFS  Using an acoustic timing reference
* Dated: Mar 24, 2021 10:09:41 PM
* REW Settings:
*  C-weighting compensation: Off
*  Target level: 75.0 dB
* Note: Delay -0.035±0.011 ms (-12 mm, -0.47 in) using estimated IR delay relative to Acoustic reference on  L
* Measurement: Illum (foam)
* Smoothing: 1/12 octave
* Frequency Step: 1/48 octave
* Start Frequency: 20.300 Hz
*
* Freq(Hz)	SPL(dB)	Phase(degrees)
20.299999	70.620819	-140.4247
20.600000	70.629967	-140.5793
20.900000	70.653999	-140.9488
21.200001	70.680634	-141.3923
21.400000	70.697891	-141.7100
21.799999	70.728500	-142.3712
22.000000	70.741272	-142.7090
22.400000	70.761627	-143.3958
22.700001	70.772705	-143.9165
23.000000	70.780899	-144.4349
23.299999	70.787231	-144.9434
23.600000	70.793114	-145.4355
24.000000	70.803009	-146.0604
24.299999	70.813660	-146.5076
24.700001	70.833542	-147.0835
25.000000	70.852547	-147.5079
25.400000	70.881927	-148.0719
25.799999	70.913300	-148.6366
26.200001	70.943779	-149.1970
26.500000	70.964813	-149.6079
26.900000	70.989700	-150.1331
27.200001	71.006081	-150.5045
27.600000	71.025749	-150.9660
28.000000	71.044090	-151.3921
28.500000	71.066498	-151.8888
29.000000	71.088470	-152.3669
29.500000	71.109100	-152.8415
30.000000	71.127670	-153.3194
30.400000	71.141022	-153.7058
30.700001	71.150253	-153.9990
31.100000	71.161484	-154.3950
31.500000	71.171303	-154.7954
32.000000	71.181503	-155.2954
32.500000	71.189941	-155.7844
33.000000	71.197937	-156.2533
33.500000	71.206718	-156.6986
34.000000	71.217010	-157.1206
34.500000	71.229034	-157.5206
35.000000	71.242752	-157.9010
35.500000	71.257858	-158.2661
36.000000	71.273537	-158.6210
36.500000	71.288727	-158.9689
37.000000	71.302505	-159.3103
37.500000	71.314262	-159.6445
38.200001	71.327003	-160.0981
38.700001	71.333603	-160.4104
39.500000	71.341461	-160.8876
40.000000	71.346031	-161.1752
40.599998	71.352020	-161.5186
41.200001	71.358063	-161.8672
41.799999	71.363205	-162.2200
42.500000	71.367935	-162.6267
43.099998	71.371933	-162.9656
43.700001	71.376755	-163.2977
44.400002	71.383156	-163.6813
45.000000	71.388664	-164.0063
45.500000	71.393059	-164.2718
46.200001	71.398903	-164.6331
46.799999	71.403488	-164.9321
47.500000	71.407776	-165.2666
48.200001	71.410522	-165.5799
48.700001	71.411652	-165.7869
49.400002	71.413063	-166.0509
50.000000	71.415329	-166.2570
50.799999	71.421303	-166.5226
51.500000	71.428566	-166.7704
52.200001	71.435112	-167.0458
53.000000	71.438835	-167.3867
53.799999	71.438866	-167.7328
54.500000	71.438469	-168.0265
55.200001	71.440361	-168.3095
56.000000	71.447533	-168.6248
57.000000	71.464951	-169.0226
58.000000	71.487984	-169.4478
59.000000	71.505890	-169.9095
60.000000	71.506607	-170.3553
60.799999	71.494606	-170.6406
61.500000	71.480324	-170.8235
62.200001	71.466927	-170.9628
63.000000	71.454735	-171.1042
64.000000	71.443031	-171.2962
65.000000	71.433014	-171.5211
66.000000	71.424095	-171.7719
67.000000	71.417030	-172.0357
68.000000	71.412369	-172.3032
69.000000	71.409706	-172.5678
70.000000	71.408127	-172.8248
71.000000	71.406944	-173.0734
72.000000	71.405579	-173.3168
73.000000	71.403297	-173.5582
74.000000	71.399582	-173.7953
75.000000	71.394745	-174.0220
76.199997	71.388763	-174.2755
77.500000	71.383362	-174.5301
78.800003	71.379250	-174.7754
80.000000	71.375786	-175.0060
81.199997	71.371445	-175.2482
82.500000	71.364685	-175.5218
83.800003	71.355881	-175.7953
85.000000	71.347084	-176.0376
86.199997	71.338669	-176.2681
87.500000	71.330078	-176.5083
88.500000	71.323433	-176.6892
90.000000	71.312958	-176.9559
91.199997	71.304405	-177.1648
92.500000	71.295593	-177.3871
93.800003	71.287346	-177.6060
95.000000	71.279831	-177.8042
96.199997	71.271965	-177.9973
97.500000	71.262856	-178.2003
98.800003	71.253258	-178.3981
100.000000	71.244202	-178.5772
101.500000	71.232948	-178.7963
103.000000	71.221870	-179.0089
104.400002	71.211525	-179.2010
106.000000	71.199417	-179.4158
107.500000	71.187683	-179.6161
109.000000	71.175613	-179.8162
110.599998	71.162117	179.9763
112.000000	71.148911	179.8073
113.800003	71.127983	179.6153
115.000000	71.110756	179.5035
117.199997	71.074944	179.3203
118.000000	71.062538	179.2542
120.599998	71.034691	178.9941
122.000000	71.028168	178.8115
124.099998	71.022804	178.5082
125.000000	71.020164	178.3812
126.500000	71.013786	178.1850
128.000000	71.004578	178.0091
131.500000	70.975708	177.6451
132.000000	70.971245	177.5959
134.000000	70.953400	177.4052
136.000000	70.935577	177.2253
138.000000	70.917511	177.0536
140.000000	70.899101	176.8832
143.000000	70.870773	176.6219
145.000000	70.851082	176.4489
147.500000	70.825233	176.2436
150.000000	70.798492	176.0531
152.500000	70.772606	175.8740
155.000000	70.749466	175.7043
157.500000	70.729095	175.5464
160.000000	70.708946	175.3967
162.500000	70.685356	175.2401
165.000000	70.656418	175.0672
167.500000	70.624062	174.8866
170.000000	70.591721	174.7122
172.500000	70.561317	174.5508
175.000000	70.532936	174.4018
177.500000	70.505760	174.2634
180.000000	70.478752	174.1364
182.500000	70.451202	174.0219
185.000000	70.423019	173.9160
187.500000	70.394516	173.8124
190.000000	70.366127	173.7065
192.500000	70.338234	173.5975
195.000000	70.310837	173.4872
197.500000	70.283630	173.3791
200.000000	70.256203	173.2767
203.000000	70.222923	173.1643
206.000000	70.189423	173.0631
209.000000	70.155800	172.9709
212.000000	70.122070	172.8856
214.000000	70.099541	172.8314
218.000000	70.054413	172.7266
220.000000	70.031807	172.6755
224.000000	69.986305	172.5752
227.000000	69.951714	172.5000
230.000000	69.916565	172.4224
233.000000	69.881058	172.3433
236.000000	69.845840	172.2710
240.000000	69.800461	172.2079
243.000000	69.767914	172.1927
247.000000	69.725853	172.1983
250.000000	69.694664	172.2066
254.000000	69.653053	172.2143
258.000000	69.611282	172.2200
262.000000	69.569626	172.2266
265.000000	69.538940	172.2329
269.000000	69.499138	172.2439
272.000000	69.469864	172.2541
276.000000	69.430832	172.2708
280.000000	69.391464	172.2918
285.000000	69.342354	172.3277
290.000000	69.294006	172.3773
295.000000	69.246986	172.4354
300.000000	69.202515	172.4890
304.000000	69.169220	172.5223
307.000000	69.145088	172.5427
311.000000	69.113022	172.5673
315.000000	69.080330	172.5927
320.000000	69.038399	172.6285
325.000000	68.995827	172.6704
330.000000	68.953072	172.7189
335.000000	68.910263	172.7741
340.000000	68.867126	172.8356
345.000000	68.823280	172.9028
350.000000	68.778648	172.9745
355.000000	68.733658	173.0511
360.000000	68.689056	173.1337
365.000000	68.645309	173.2229
370.000000	68.602310	173.3188
375.000000	68.559654	173.4214
382.000000	68.500122	173.5758
387.000000	68.457672	173.6932
395.000000	68.389999	173.8931
400.000000	68.348030	174.0256
406.000000	68.298241	174.1927
412.000000	68.249100	174.3688
418.000000	68.200462	174.5534
425.000000	68.144005	174.7784
431.000000	68.095802	174.9782
437.000000	68.048035	175.1834
444.000000	67.993149	175.4300
450.000000	67.946930	175.6485
455.000000	67.908974	175.8359
462.000000	67.856705	176.1064
468.000000	67.812744	176.3451
475.000000	67.762344	176.6302
482.000000	67.712631	176.9200
487.000000	67.677368	177.1290
494.000000	67.628448	177.4249
500.000000	67.587082	177.6821
508.000000	67.533218	178.0312
515.000000	67.487534	178.3432
522.000000	67.443237	178.6620
530.000000	67.393867	179.0352
538.000000	67.345024	179.4179
545.000000	67.302193	179.7606
552.000000	67.259270	-179.8901
560.000000	67.210480	-179.4825
570.000000	67.150345	-178.9592
580.000000	67.091415	-178.4174
590.000000	67.034142	-177.8528
600.000000	66.979561	-177.2603
608.000000	66.938873	-176.7658
615.000000	66.906120	-176.3206
622.000000	66.876465	-175.8681
630.000000	66.846527	-175.3483
640.000000	66.814690	-174.7050
650.000000	66.787735	-174.0797
660.000000	66.763489	-173.4795
670.000000	66.739571	-172.9037
680.000000	66.714279	-172.3416
690.000000	66.687157	-171.7801
700.000000	66.658676	-171.2091
710.000000	66.629807	-170.6229
720.000000	66.601463	-170.0198
730.000000	66.574394	-169.4006
740.000000	66.549118	-168.7679
750.000000	66.525955	-168.1245
762.000000	66.501205	-167.3399
775.000000	66.478424	-166.4745
788.000000	66.460190	-165.5926
800.000000	66.447357	-164.7654
812.000000	66.438194	-163.9285
825.000000	66.432419	-163.0147
838.000000	66.431053	-162.0971
850.000000	66.433876	-161.2479
862.000000	66.440895	-160.3958
875.000000	66.453575	-159.4690
885.000000	66.466873	-158.7542
900.000000	66.491966	-157.6819
912.000000	66.516113	-156.8257
925.000000	66.546661	-155.9017
938.000000	66.582298	-154.9835
950.000000	66.619835	-154.1433
962.000000	66.661652	-153.3125
975.000000	66.711655	-152.4247
988.000000	66.766479	-151.5511
1000.000000	66.821327	-150.7590
1015.000000	66.895416	-149.7922
1030.000000	66.975281	-148.8564
1044.000000	67.054497	-148.0137
1060.000000	67.149857	-147.0877
1075.000000	67.243271	-146.2550
1090.000000	67.339890	-145.4566
1106.000000	67.445885	-144.6438
1120.000000	67.540665	-143.9674
1138.000000	67.664642	-143.1472
1150.000000	67.748238	-142.6319
1172.000000	67.902504	-141.7495
1180.000000	67.958733	-141.4471
1206.000000	68.141251	-140.5243
1220.000000	68.239075	-140.0627
1241.000000	68.384476	-139.4126
1250.000000	68.446075	-139.1483
1265.000000	68.547600	-138.7249
1280.000000	68.647652	-138.3209
1315.000000	68.875870	-137.4476
1320.000000	68.907898	-137.3302
1340.000000	69.034653	-136.8764
1360.000000	69.159149	-136.4452
1380.000000	69.281425	-136.0331
1400.000000	69.401711	-135.6366
1430.000000	69.579308	-135.0662
1450.000000	69.696335	-134.7003
1475.000000	69.841438	-134.2578
1500.000000	69.985512	-133.8307
1525.000000	70.128876	-133.4184
1550.000000	70.271835	-133.0204
1575.000000	70.414734	-132.6359
1600.000000	70.557976	-132.2653
1625.000000	70.702034	-131.9105
1650.000000	70.847168	-131.5735
1675.000000	70.993515	-131.2556
1700.000000	71.141174	-130.9580
1725.000000	71.290123	-130.6820
1750.000000	71.440331	-130.4296
1775.000000	71.591751	-130.2026
1800.000000	71.744408	-130.0025
1825.000000	71.898315	-129.8308
1850.000000	72.053406	-129.6893
1875.000000	72.209480	-129.5802
1900.000000	72.366211	-129.5058
1925.000000	72.523201	-129.4680
1950.000000	72.680054	-129.4678
1975.000000	72.836479	-129.5058
2000.000000	72.992249	-129.5824
2030.000000	73.177963	-129.7260
2060.000000	73.361877	-129.9272
2090.000000	73.543388	-130.1874
2120.000000	73.721756	-130.5077
2140.000000	73.838486	-130.7551
2180.000000	74.065643	-131.3307
2200.000000	74.175545	-131.6584
2240.000000	74.386871	-132.3919
2270.000000	74.536934	-133.0076
2300.000000	74.678780	-133.6761
2330.000000	74.811508	-134.3929
2360.000000	74.934273	-135.1529
2400.000000	75.081154	-136.2223
2430.000000	75.177963	-137.0565
2470.000000	75.288567	-138.1956
2500.000000	75.357605	-139.0581
2540.000000	75.431465	-140.2020
2580.000000	75.485443	-141.3198
2620.000000	75.521088	-142.3930
2650.000000	75.537003	-143.1591
2690.000000	75.545822	-144.1194
2720.000000	75.544601	-144.7897
2760.000000	75.534622	-145.6146
2800.000000	75.517273	-146.3617
2850.000000	75.487991	-147.1923
2900.000000	75.452606	-147.9166
2950.000000	75.412941	-148.5420
3000.000000	75.370529	-149.0733
3040.000000	75.335770	-149.4329
3070.000000	75.309830	-149.6660
3110.000000	75.276184	-149.9301
3150.000000	75.244431	-150.1447
3200.000000	75.208649	-150.3502
3250.000000	75.178391	-150.4961
3300.000000	75.154686	-150.5936
3350.000000	75.138184	-150.6541
3400.000000	75.129204	-150.6884
3450.000000	75.127785	-150.7071
3500.000000	75.133759	-150.7200
3550.000000	75.146736	-150.7358
3600.000000	75.166191	-150.7622
3650.000000	75.191574	-150.8055
3700.000000	75.222275	-150.8717
3750.000000	75.257629	-150.9656
3820.000000	75.313583	-151.1515
3870.000000	75.357231	-151.3275
3950.000000	75.431648	-151.6912
4000.000000	75.480057	-151.9732
4060.000000	75.539009	-152.3700
4120.000000	75.597916	-152.8331
4180.000000	75.655731	-153.3650
4250.000000	75.720322	-154.0757
4310.000000	75.771843	-154.7649
4370.000000	75.818321	-155.5298
4440.000000	75.864037	-156.5184
4500.000000	75.893906	-157.4464
4550.000000	75.910889	-158.2730
4620.000000	75.920662	-159.5020
4680.000000	75.914734	-160.6090
4750.000000	75.890472	-161.9445
4820.000000	75.848129	-163.3119
4870.000000	75.807388	-164.3052
4940.000000	75.735413	-165.7228
5000.000000	75.658005	-166.9639
5080.000000	75.527603	-168.6361
5150.000000	75.384933	-170.0752
5220.000000	75.215630	-171.4448
5300.000000	74.993057	-172.8779
5380.000000	74.745209	-174.1362
5450.000000	74.512604	-175.0785
5520.000000	74.269531	-175.8664
5600.000000	73.983711	-176.5763
5700.000000	73.621971	-177.1832
5800.000000	73.263885	-177.4934
5900.000000	72.917892	-177.5310
6000.000000	72.591583	-177.3265
6080.000000	72.349205	-177.0132
6150.000000	72.153282	-176.6481
6220.000000	71.974213	-176.2139
6300.000000	71.791985	-175.6539
6400.000000	71.600037	-174.8941
6500.000000	71.449562	-174.1127
6600.000000	71.341110	-173.3567
6700.000000	71.274284	-172.6708
6800.000000	71.248093	-172.0983
6900.000000	71.261055	-171.6841
7000.000000	71.310898	-171.4782
7100.000000	71.393570	-171.5375
7200.000000	71.502068	-171.9235
7300.000000	71.625702	-172.6931
7400.000000	71.750435	-173.8870
7500.000000	71.860260	-175.5179
7620.000000	71.949783	-178.0173
7750.000000	71.968613	178.7375
7880.000000	71.887810	175.1655
8000.000000	71.723053	171.8130
8120.000000	71.484032	168.5801
8250.000000	71.163895	165.2860
8380.000000	70.799965	162.1627
8500.000000	70.428749	159.3606
8620.000000	70.013756	156.6376
8750.000000	69.499809	153.8991
8850.000000	69.054489	152.0719
9000.000000	68.315575	149.9982
9120.000000	67.685730	149.0088
9250.000000	66.996613	148.5999
9380.000000	66.331711	148.7853
9500.000000	65.761848	149.3644
9620.000000	65.248238	150.2169
9750.000000	64.763794	151.3252
9880.000000	64.356880	152.5108
10000.000000	64.048500	153.5864
10150.000000	63.747627	154.7998
10300.000000	63.530586	155.7629
10440.000000	63.391987	156.3518
10600.000000	63.292835	156.5770
10750.000000	63.239571	156.2982
10900.000000	63.206352	155.5190
11060.000000	63.173779	154.1469
11200.000000	63.134548	152.5287
11380.000000	63.057434	149.9695
11500.000000	62.987396	148.0215
11720.000000	62.827114	144.0426
11800.000000	62.761757	142.4711
12060.000000	62.534676	136.8428
12200.000000	62.403034	133.4307
12410.000000	62.184086	127.7631
12500.000000	62.079327	125.1346
12650.000000	61.887455	120.5006
12800.000000	61.673080	115.5639
13150.000000	61.084728	102.9008
13200.000000	60.990097	100.9625
13400.000000	60.581539	92.9044
13600.000000	60.119583	84.4130
13800.000000	59.599773	75.5950
14000.000000	59.023800	66.5735
14300.000000	58.075317	52.8807
14500.000000	57.407505	43.7391
14750.000000	56.562046	32.3669
15000.000000	55.743355	21.0750
15250.000000	55.007050	9.7543
15500.000000	54.416092	-1.9091
15750.000000	54.015903	-14.4211
16000.000000	53.804375	-28.3854
16250.000000	53.719627	-44.3529
16500.000000	53.658722	-62.6458
16750.000000	53.515289	-83.2283
17000.000000	53.212929	-105.7325
17250.000000	52.722195	-129.6853
17500.000000	52.060013	-154.8372
17750.000000	51.273422	178.6113
18000.000000	50.411621	150.0306
18250.000000	49.497372	118.6058
18500.000000	48.514709	83.6641
18750.000000	47.419735	44.9961
19000.000000	46.163361	3.2195
19250.000000	44.715122	-39.7307
19500.000000	43.098076	-80.1428
19750.000000	41.472786	-112.6563
