* Measurement data measured by REW V5.20
* Source: USB-C to 3.5mm Headphone Jack Adapter, USB-C to 3.5mm Headphone Jack Adapter, 0, volume: 0.663. Timing signal peak level -9.9 dBFS, measurement signal peak level -5.2 dBFS
* Format: 256k Log Swept Sine, 1 sweep at -12.0 dBFS using an acoustic timing reference
* Dated: Mar 31, 2021 11:24:18 AM
* REW Settings:
*  C-weighting compensation: Off
*  Target level: 75.0 dB
* Note: Delay -0.2580 ms (-88 mm, -3.48 in) using estimated IR delay relative to Acoustic reference on Galaxy Buds+ (FEC8) L with no timing offset
* Measurement: Galaxy Buds Plus
* Smoothing: 1/12 octave
* Frequency Step: 1/48 octave
* Start Frequency: 20.300 Hz
*
* Freq(Hz)	SPL(dB)	Phase(degrees)
20.299999	109.575073	42.8694
20.600000	109.603439	42.6852
20.900000	109.681816	42.2346
21.200001	109.774269	41.6928
21.400000	109.838928	41.2914
21.799999	109.963341	40.3867
22.000000	110.017914	39.8855
22.400000	110.103806	38.8127
22.700001	110.144569	37.9906
23.000000	110.167480	37.1914
23.299999	110.178375	36.4352
23.600000	110.184669	35.7222
24.000000	110.197159	34.8078
24.299999	110.213860	34.1207
24.700001	110.246307	33.1820
25.000000	110.276077	32.4716
25.400000	110.320236	31.5519
25.799999	110.368317	30.7033
26.200001	110.419464	29.9343
26.500000	110.457993	29.3953
26.900000	110.504654	28.6995
27.200001	110.532715	28.1833
27.600000	110.558434	27.5004
28.000000	110.572792	26.8271
28.500000	110.583870	25.9880
29.000000	110.598099	25.1094
29.500000	110.618851	24.1604
30.000000	110.643745	23.1615
30.400000	110.665268	22.3617
30.700001	110.682220	21.7777
31.100000	110.705536	21.0290
31.500000	110.728394	20.3163
32.000000	110.753716	19.4735
32.500000	110.774124	18.6767
33.000000	110.790230	17.9025
33.500000	110.802002	17.1209
34.000000	110.807732	16.3236
34.500000	110.807671	15.5353
35.000000	110.806442	14.7865
35.500000	110.809021	14.0788
36.000000	110.815109	13.3934
36.500000	110.819824	12.7287
37.000000	110.820961	12.1098
37.500000	110.822990	11.5471
38.200001	110.838104	10.7614
38.700001	110.854309	10.1046
39.500000	110.862015	8.8590
40.000000	110.847176	8.0628
40.599998	110.817307	7.2027
41.200001	110.787338	6.4581
41.799999	110.763168	5.7764
42.500000	110.739227	4.9941
43.099998	110.718872	4.3143
43.700001	110.698250	3.6266
44.400002	110.674362	2.8250
45.000000	110.653206	2.1554
45.500000	110.634125	1.6219
46.200001	110.604546	0.9166
46.799999	110.576927	0.3369
47.500000	110.543076	-0.3342
48.200001	110.508675	-1.0024
48.700001	110.484482	-1.4672
49.400002	110.450890	-2.0912
50.000000	110.419762	-2.6122
50.799999	110.368752	-3.3092
51.500000	110.314590	-3.9061
52.200001	110.259895	-4.4441
53.000000	110.209702	-4.9529
53.799999	110.175026	-5.3827
54.500000	110.150513	-5.7568
55.200001	110.126389	-6.1774
56.000000	110.098557	-6.7239
57.000000	110.063309	-7.4384
58.000000	110.014351	-8.1555
59.000000	109.932968	-8.9181
60.000000	109.839569	-9.7231
60.799999	109.781792	-10.3908
61.500000	109.743301	-10.9650
62.200001	109.706902	-11.4883
63.000000	109.660706	-12.0109
64.000000	109.595222	-12.5924
65.000000	109.527534	-13.1200
66.000000	109.459290	-13.5988
67.000000	109.381866	-14.0471
68.000000	109.294304	-14.4829
69.000000	109.206932	-14.9187
70.000000	109.127190	-15.3493
71.000000	109.055183	-15.7623
72.000000	108.989517	-16.1606
73.000000	108.929283	-16.5569
74.000000	108.874146	-16.9588
75.000000	108.824326	-17.3829
76.199997	108.767601	-17.9450
77.500000	108.701126	-18.6202
78.800003	108.624962	-19.3381
80.000000	108.548920	-19.9532
81.199997	108.466393	-20.3769
82.500000	108.372581	-20.5818
83.800003	108.280067	-20.7315
85.000000	108.194420	-20.9680
86.199997	108.104858	-21.2859
87.500000	108.004181	-21.6545
88.500000	107.927193	-21.9346
90.000000	107.814163	-22.3314
91.199997	107.724953	-22.6162
92.500000	107.628441	-22.8957
93.800003	107.531235	-23.1492
95.000000	107.440926	-23.3616
96.199997	107.350037	-23.5587
97.500000	107.251030	-23.7565
98.800003	107.152176	-23.9360
100.000000	107.061623	-24.0842
101.500000	106.951462	-24.2387
103.000000	106.846077	-24.3572
104.400002	106.748856	-24.4516
106.000000	106.635612	-24.5557
107.500000	106.528152	-24.6455
109.000000	106.420433	-24.7179
110.599998	106.307236	-24.7649
112.000000	106.211502	-24.7811
113.800003	106.092819	-24.7823
115.000000	106.016533	-24.7734
117.199997	105.886070	-24.7261
118.000000	105.841705	-24.6951
120.599998	105.688416	-24.5221
122.000000	105.591705	-24.4004
124.099998	105.441612	-24.2455
125.000000	105.379608	-24.1852
126.500000	105.280960	-24.0732
128.000000	105.187675	-23.9387
131.500000	104.983429	-23.5425
132.000000	104.955078	-23.4781
134.000000	104.843048	-23.2059
136.000000	104.733704	-22.9162
138.000000	104.627487	-22.6120
140.000000	104.524597	-22.2915
143.000000	104.376526	-21.7785
145.000000	104.281738	-21.4192
147.500000	104.168182	-20.9533
150.000000	104.060463	-20.4622
152.500000	103.958008	-19.9471
155.000000	103.860260	-19.4228
157.500000	103.767044	-18.9000
160.000000	103.677780	-18.3760
162.500000	103.593132	-17.8441
165.000000	103.513626	-17.3007
167.500000	103.438148	-16.7516
170.000000	103.365707	-16.2022
172.500000	103.296188	-15.6511
175.000000	103.229607	-15.0962
177.500000	103.166046	-14.5371
180.000000	103.106674	-13.9791
182.500000	103.052475	-13.4297
185.000000	103.002113	-12.8910
187.500000	102.953865	-12.3561
190.000000	102.908264	-11.8194
192.500000	102.866592	-11.2863
195.000000	102.827797	-10.7598
197.500000	102.790520	-10.2356
200.000000	102.755341	-9.7137
203.000000	102.716736	-9.0986
206.000000	102.681000	-8.5020
209.000000	102.646896	-7.9230
212.000000	102.614288	-7.3564
214.000000	102.593300	-6.9835
218.000000	102.553482	-6.2437
220.000000	102.535156	-5.8763
224.000000	102.502640	-5.1538
227.000000	102.481415	-4.6265
230.000000	102.461365	-4.1078
233.000000	102.441071	-3.5875
236.000000	102.420242	-3.0633
240.000000	102.394173	-2.3949
243.000000	102.377907	-1.9426
247.000000	102.358795	-1.3733
250.000000	102.344521	-0.9471
254.000000	102.324387	-0.3770
258.000000	102.302521	0.1860
262.000000	102.280533	0.7414
265.000000	102.265259	1.1587
269.000000	102.246674	1.7205
272.000000	102.233276	2.1410
276.000000	102.214958	2.6936
280.000000	102.196304	3.2374
285.000000	102.174034	3.9135
290.000000	102.154106	4.5949
295.000000	102.136475	5.2845
300.000000	102.117210	5.9822
304.000000	102.097961	6.5405
307.000000	102.083282	6.9555
311.000000	102.067146	7.5015
315.000000	102.056030	8.0339
320.000000	102.045364	8.6713
325.000000	102.032005	9.2869
330.000000	102.013756	9.9121
335.000000	101.993706	10.5733
340.000000	101.977020	11.2706
345.000000	101.967346	11.9844
350.000000	101.965080	12.6958
355.000000	101.970459	13.3953
360.000000	101.985306	14.0774
365.000000	102.008781	14.7200
370.000000	102.035255	15.2756
375.000000	102.057533	15.7245
382.000000	102.072014	16.2313
387.000000	102.068802	16.5700
395.000000	102.046478	17.1656
400.000000	102.026871	17.5862
406.000000	102.001274	18.1268
412.000000	101.975067	18.6869
418.000000	101.949112	19.2593
425.000000	101.918877	19.9493
431.000000	101.892426	20.5603
437.000000	101.865486	21.1865
444.000000	101.834427	21.9380
450.000000	101.809303	22.6005
455.000000	101.789993	23.1618
462.000000	101.765839	23.9529
468.000000	101.748070	24.6278
475.000000	101.730354	25.4035
482.000000	101.714310	26.1683
487.000000	101.702888	26.7108
494.000000	101.686142	27.4640
500.000000	101.670692	28.1028
508.000000	101.648560	28.9474
515.000000	101.628014	29.6854
522.000000	101.606369	30.4295
530.000000	101.580437	31.2928
538.000000	101.554192	32.1684
545.000000	101.531776	32.9444
552.000000	101.509842	33.7306
560.000000	101.484947	34.6396
570.000000	101.454430	35.7878
580.000000	101.425117	36.9461
590.000000	101.396843	38.1172
600.000000	101.370201	39.3042
608.000000	101.350876	40.2633
615.000000	101.335854	41.1051
622.000000	101.322685	41.9453
630.000000	101.309441	42.9007
640.000000	101.294060	44.0860
650.000000	101.278290	45.2673
660.000000	101.261261	46.4547
670.000000	101.243324	47.6548
680.000000	101.226021	48.8667
690.000000	101.210373	50.0907
700.000000	101.196381	51.3280
710.000000	101.184029	52.5759
720.000000	101.173622	53.8315
730.000000	101.165207	55.0954
740.000000	101.158493	56.3696
750.000000	101.153442	57.6536
762.000000	101.149643	59.2037
775.000000	101.148270	60.8936
788.000000	101.150368	62.5958
800.000000	101.155792	64.1828
812.000000	101.164536	65.7869
825.000000	101.177719	67.5396
838.000000	101.195221	69.3005
850.000000	101.215302	70.9285
862.000000	101.239319	72.5599
875.000000	101.270576	74.3356
885.000000	101.298721	75.7073
900.000000	101.346870	77.7670
912.000000	101.389847	79.4124
925.000000	101.442253	81.1905
938.000000	101.502174	82.9599
950.000000	101.563812	84.5793
962.000000	101.630188	86.1763
975.000000	101.706146	87.8729
988.000000	101.785873	89.5335
1000.000000	101.862770	91.0379
1015.000000	101.963043	92.8834
1030.000000	102.067612	94.6890
1044.000000	102.168396	96.3358
1060.000000	102.286156	98.1716
1075.000000	102.398247	99.8481
1090.000000	102.511353	101.4808
1106.000000	102.632645	103.1721
1120.000000	102.738777	104.6091
1138.000000	102.874352	106.3992
1150.000000	102.963821	107.5577
1172.000000	103.124763	109.6160
1180.000000	103.181839	110.3463
1206.000000	103.359512	112.6700
1220.000000	103.449524	113.8966
1241.000000	103.577866	115.7129
1250.000000	103.630600	116.4839
1265.000000	103.715546	117.7596
1280.000000	103.796906	119.0265
1315.000000	103.974319	121.9883
1320.000000	103.998451	122.4152
1340.000000	104.092850	124.1362
1360.000000	104.185226	125.8760
1380.000000	104.277382	127.6277
1400.000000	104.370583	129.3826
1430.000000	104.511826	131.9987
1450.000000	104.605164	133.7266
1475.000000	104.719124	135.8729
1500.000000	104.829353	138.0118
1525.000000	104.935883	140.1530
1550.000000	105.039108	142.3049
1575.000000	105.139771	144.4716
1600.000000	105.239128	146.6542
1625.000000	105.338699	148.8560
1650.000000	105.439041	151.0784
1675.000000	105.540543	153.3160
1700.000000	105.644081	155.5639
1725.000000	105.750359	157.8208
1750.000000	105.859558	160.0845
1775.000000	105.971863	162.3541
1800.000000	106.087624	164.6268
1825.000000	106.207092	166.8988
1850.000000	106.330322	169.1678
1875.000000	106.457336	171.4312
1900.000000	106.588036	173.6857
1925.000000	106.722229	175.9281
1950.000000	106.859879	178.1546
1975.000000	107.001068	-179.6382
2000.000000	107.146027	-177.4523
2030.000000	107.324951	-174.8583
2060.000000	107.508667	-172.3008
2090.000000	107.696587	-169.7847
2120.000000	107.888580	-167.3121
2140.000000	108.018791	-165.6891
2180.000000	108.284004	-162.5102
2200.000000	108.418625	-160.9566
2240.000000	108.691147	-157.9269
2270.000000	108.897911	-155.7282
2300.000000	109.105713	-153.5986
2330.000000	109.312965	-151.5413
2360.000000	109.518326	-149.5566
2400.000000	109.787842	-147.0240
2430.000000	109.985931	-145.2108
2470.000000	110.242950	-142.9089
2500.000000	110.428467	-141.2695
2540.000000	110.663086	-139.1962
2580.000000	110.880074	-137.2421
2620.000000	111.076683	-135.3985
2650.000000	111.209564	-134.0811
2690.000000	111.365547	-132.3958
2720.000000	111.465668	-131.1725
2760.000000	111.576263	-129.5790
2800.000000	111.660583	-128.0106
2850.000000	111.729034	-126.0520
2900.000000	111.757217	-124.0489
2950.000000	111.747368	-121.9543
3000.000000	111.704025	-119.7325
3040.000000	111.648903	-117.8457
3070.000000	111.597519	-116.3603
3110.000000	111.518013	-114.2808
3150.000000	111.428596	-112.0851
3200.000000	111.307495	-109.1790
3250.000000	111.180908	-106.1022
3300.000000	111.052589	-102.8660
3350.000000	110.925575	-99.4839
3400.000000	110.802444	-95.9724
3450.000000	110.685181	-92.3467
3500.000000	110.575195	-88.6208
3550.000000	110.473564	-84.8071
3600.000000	110.381348	-80.9152
3650.000000	110.299500	-76.9562
3700.000000	110.228851	-72.9443
3750.000000	110.170029	-68.8963
3820.000000	110.108459	-63.2033
3870.000000	110.079262	-59.1416
3950.000000	110.055222	-52.6940
4000.000000	110.052109	-48.7223
4060.000000	110.057426	-44.0403
4120.000000	110.068733	-39.4696
4180.000000	110.081528	-35.0279
4250.000000	110.090485	-30.0266
4310.000000	110.084793	-25.9002
4370.000000	110.058319	-21.9119
4440.000000	109.990417	-17.3942
4500.000000	109.892578	-13.5776
4550.000000	109.779778	-10.3792
4620.000000	109.573563	-5.7714
4680.000000	109.356827	-1.6110
4750.000000	109.071060	3.5750
4820.000000	108.769394	9.1548
4870.000000	108.555466	13.3669
4940.000000	108.270439	19.5225
5000.000000	108.045197	24.9750
5080.000000	107.773811	32.4028
5150.000000	107.559769	38.9897
5220.000000	107.361893	45.6326
5300.000000	107.150391	53.2968
5380.000000	106.952560	61.0552
5450.000000	106.791351	67.9309
5520.000000	106.643051	74.8910
5600.000000	106.491821	82.9420
5700.000000	106.335381	93.1294
5800.000000	106.225433	103.4282
5900.000000	106.179619	113.7494
6000.000000	106.200546	123.8158
6080.000000	106.231339	131.5220
6150.000000	106.242050	138.0963
6220.000000	106.236794	144.6569
6300.000000	106.227577	152.2222
6400.000000	106.234970	161.7346
6500.000000	106.270805	171.1805
6600.000000	106.328796	-179.5298
6700.000000	106.400047	-170.4288
6800.000000	106.478287	-161.5244
6900.000000	106.560196	-152.8167
7000.000000	106.644142	-144.3095
7100.000000	106.728043	-136.0215
7200.000000	106.807663	-127.9834
7300.000000	106.876221	-120.2200
7400.000000	106.926132	-112.7405
7500.000000	106.950096	-105.5441
7620.000000	106.932777	-97.2746
7750.000000	106.835617	-88.7260
7880.000000	106.629799	-80.4754
8000.000000	106.324860	-72.9093
8120.000000	105.906357	-65.1212
8250.000000	105.344955	-56.1553
8380.000000	104.713432	-46.5087
8500.000000	104.107193	-37.0735
8620.000000	103.499519	-27.2951
8750.000000	102.838989	-16.4691
8850.000000	102.318375	-8.0123
9000.000000	101.492859	4.9529
9120.000000	100.777420	15.7225
9250.000000	99.939041	28.0373
9380.000000	99.042870	41.3079
9500.000000	98.190315	54.6222
9620.000000	97.360031	69.0511
9750.000000	96.563370	85.8328
9880.000000	95.966171	103.4279
10000.000000	95.649002	119.8777
10150.000000	95.565155	139.9464
10300.000000	95.733490	158.7993
10440.000000	95.999855	175.0403
10600.000000	96.319862	-167.8948
10750.000000	96.571907	-153.0312
10900.000000	96.750977	-138.9126
11060.000000	96.856369	-124.3408
11200.000000	96.882225	-111.8020
11380.000000	96.840401	-95.7756
11500.000000	96.775620	-85.0759
11720.000000	96.604156	-65.3077
11800.000000	96.531067	-58.0518
12060.000000	96.283989	-34.2029
12200.000000	96.159645	-21.2205
12410.000000	96.005020	-1.6465
12500.000000	95.954575	6.7534
12650.000000	95.895844	20.7314
12800.000000	95.872269	34.6393
13150.000000	95.967453	66.5281
13200.000000	95.998840	70.9917
13400.000000	96.169167	88.5413
13600.000000	96.408630	105.5051
13800.000000	96.710701	121.7512
14000.000000	97.066788	137.1401
14300.000000	97.671944	158.2291
14500.000000	98.073486	170.6379
14750.000000	98.461945	-175.8849
15000.000000	98.614716	-164.0920
15250.000000	98.545502	-152.8689
15500.000000	98.390457	-141.8251
15750.000000	98.254150	-131.4980
16000.000000	98.155228	-122.6675
16250.000000	98.053772	-116.1012
16500.000000	97.858116	-112.4835
16750.000000	97.427673	-112.0869
17000.000000	96.606956	-114.3101
17250.000000	95.277824	-117.5525
17500.000000	93.394745	-119.7100
17750.000000	90.981735	-118.9893
18000.000000	88.108307	-114.9504
18250.000000	84.886726	-111.1594
18500.000000	81.522202	-122.4546
18750.000000	78.360840	168.9606
19000.000000	75.666527	-54.5262
19250.000000	73.211334	114.3387
19500.000000	70.526550	153.4973
19750.000000	67.452408	-152.8936
