* Measurement data measured by REW V5.19
* Source: USB-C to 3.5mm Headphone Jack Adapter, no input selected, 0, volume: no control. Timing signal peak level -5.8 dBFS, measurement signal peak level -4.7 dBFS
* Format: 256k Log Swept Sine, 1 sweep at -12.0 dBFS  Using an acoustic timing reference
* Dated: Mar 20, 2021 10:44:24 AM
* REW Settings:
*  C-weighting compensation: Off
*  Target level: 75.0 dB
* Note: Delay -0.032±0.011 ms (-11 mm, -0.43 in) using estimated IR delay relative to Acoustic reference on  L
* Measurement: Hana (Final)
* Smoothing: 1/12 octave
* Frequency Step: 1/48 octave
* Start Frequency: 20.3 Hz
*
* Freq(Hz)	SPL(dB)	Phase(degrees)
20.291	74.695	43.606
20.586	74.708	43.444
20.885	74.746	43.029
21.189	74.790	42.513
21.497	74.834	41.934
21.810	74.875	41.316
22.127	74.910	40.669
22.449	74.939	40.004
22.776	74.963	39.330
23.107	74.983	38.661
23.443	75.003	38.004
23.784	75.026	37.356
24.130	75.054	36.707
24.481	75.087	36.042
24.837	75.122	35.354
25.198	75.159	34.643
25.565	75.194	33.923
25.937	75.228	33.206
26.314	75.259	32.504
26.697	75.289	31.819
27.085	75.316	31.152
27.479	75.340	30.507
27.879	75.361	29.893
28.284	75.381	29.318
28.696	75.401	28.774
29.113	75.425	28.242
29.537	75.451	27.693
29.966	75.478	27.110
30.402	75.500	26.493
30.844	75.518	25.860
31.293	75.532	25.230
31.748	75.545	24.610
32.210	75.559	23.995
32.678	75.576	23.378
33.154	75.593	22.753
33.636	75.611	22.119
34.125	75.627	21.479
34.621	75.639	20.841
35.125	75.647	20.223
35.636	75.651	19.641
36.154	75.653	19.099
36.680	75.655	18.586
37.214	75.657	18.081
37.755	75.658	17.567
38.304	75.653	17.044
38.861	75.642	16.531
39.427	75.629	16.051
40.000	75.620	15.608
40.582	75.621	15.164
41.172	75.633	14.662
41.771	75.648	14.072
42.379	75.658	13.413
42.995	75.661	12.738
43.620	75.659	12.093
44.255	75.655	11.494
44.898	75.653	10.939
45.552	75.651	10.422
46.214	75.649	9.936
46.886	75.647	9.474
47.568	75.643	9.028
48.260	75.637	8.590
48.962	75.628	8.146
49.674	75.616	7.684
50.397	75.600	7.201
51.130	75.580	6.699
51.874	75.560	6.180
52.628	75.540	5.639
53.394	75.520	5.071
54.170	75.498	4.493
54.958	75.474	3.940
55.758	75.450	3.449
56.569	75.432	3.019
57.391	75.422	2.613
58.226	75.415	2.182
59.073	75.402	1.704
59.932	75.374	1.202
60.804	75.331	0.716
61.688	75.277	0.272
62.586	75.219	-0.135
63.496	75.162	-0.516
64.420	75.109	-0.873
65.357	75.062	-1.198
66.307	75.024	-1.485
67.272	74.997	-1.730
68.250	74.980	-1.935
69.243	74.972	-2.116
70.250	74.971	-2.295
71.272	74.972	-2.495
72.309	74.973	-2.736
73.360	74.971	-3.040
74.427	74.961	-3.423
75.510	74.939	-3.874
76.608	74.906	-4.365
77.723	74.862	-4.867
78.853	74.810	-5.356
80.000	74.754	-5.809
81.164	74.696	-6.218
82.344	74.640	-6.582
83.542	74.582	-6.904
84.757	74.523	-7.173
85.990	74.461	-7.371
87.241	74.400	-7.482
88.510	74.347	-7.513
89.797	74.308	-7.500
91.103	74.286	-7.499
92.428	74.279	-7.559
93.773	74.280	-7.711
95.137	74.283	-7.962
96.520	74.281	-8.302
97.924	74.271	-8.705
99.349	74.250	-9.138
100.794	74.219	-9.570
102.260	74.180	-9.981
103.747	74.136	-10.361
105.256	74.087	-10.708
106.787	74.036	-11.025
108.340	73.983	-11.319
109.916	73.929	-11.593
111.515	73.877	-11.848
113.137	73.827	-12.079
114.783	73.781	-12.284
116.452	73.737	-12.465
118.146	73.694	-12.642
119.865	73.646	-12.841
121.608	73.590	-13.071
123.377	73.527	-13.314
125.171	73.461	-13.547
126.992	73.397	-13.757
128.839	73.336	-13.940
130.713	73.277	-14.096
132.615	73.219	-14.236
134.543	73.162	-14.372
136.500	73.106	-14.510
138.486	73.049	-14.650
140.500	72.992	-14.786
142.544	72.933	-14.914
144.617	72.872	-15.034
146.721	72.810	-15.141
148.855	72.747	-15.233
151.020	72.683	-15.310
153.217	72.619	-15.373
155.445	72.553	-15.425
157.706	72.488	-15.466
160.000	72.423	-15.495
162.327	72.357	-15.510
164.688	72.288	-15.507
167.084	72.216	-15.481
169.514	72.145	-15.429
171.980	72.074	-15.345
174.481	72.007	-15.225
177.019	71.942	-15.069
179.594	71.882	-14.885
182.206	71.829	-14.685
184.856	71.783	-14.487
187.545	71.747	-14.313
190.273	71.717	-14.182
193.041	71.690	-14.101
195.849	71.663	-14.071
198.697	71.631	-14.081
201.587	71.594	-14.115
204.520	71.550	-14.153
207.494	71.501	-14.182
210.512	71.449	-14.194
213.574	71.394	-14.189
216.681	71.337	-14.164
219.833	71.279	-14.119
223.030	71.220	-14.053
226.274	71.160	-13.966
229.565	71.099	-13.861
232.905	71.039	-13.748
236.292	70.978	-13.627
239.729	70.917	-13.493
243.216	70.858	-13.338
246.754	70.801	-13.164
250.343	70.745	-12.979
253.984	70.689	-12.788
257.678	70.632	-12.592
261.426	70.577	-12.393
265.229	70.522	-12.190
269.087	70.469	-11.985
273.001	70.415	-11.775
276.972	70.362	-11.558
281.000	70.310	-11.332
285.088	70.258	-11.097
289.234	70.208	-10.851
293.441	70.158	-10.596
297.710	70.109	-10.332
302.040	70.059	-10.057
306.433	70.009	-9.775
310.890	69.959	-9.487
315.412	69.909	-9.194
320.000	69.860	-8.897
324.655	69.812	-8.593
329.377	69.764	-8.282
334.168	69.717	-7.963
339.028	69.671	-7.636
343.959	69.626	-7.303
348.962	69.581	-6.965
354.038	69.537	-6.621
359.188	69.494	-6.270
364.412	69.451	-5.910
369.713	69.409	-5.542
375.090	69.368	-5.168
380.546	69.327	-4.788
386.081	69.287	-4.399
391.697	69.247	-4.004
397.395	69.209	-3.603
403.175	69.171	-3.196
409.039	69.133	-2.783
414.989	69.097	-2.362
421.025	69.061	-1.934
427.149	69.025	-1.499
433.362	68.990	-1.057
439.665	68.956	-0.609
446.060	68.923	-0.153
452.548	68.889	0.312
459.131	68.857	0.784
465.809	68.825	1.262
472.584	68.793	1.749
479.458	68.763	2.245
486.432	68.734	2.751
493.507	68.706	3.264
500.686	68.679	3.786
507.968	68.652	4.315
515.357	68.627	4.853
522.853	68.603	5.400
530.458	68.580	5.953
538.174	68.557	6.513
546.002	68.535	7.081
553.943	68.514	7.657
562.001	68.493	8.243
570.175	68.473	8.839
578.469	68.455	9.445
586.883	68.437	10.062
595.419	68.421	10.690
604.080	68.406	11.328
612.866	68.392	11.978
621.780	68.379	12.638
630.824	68.367	13.310
640.000	68.356	13.993
649.309	68.347	14.688
658.753	68.339	15.397
668.335	68.334	16.120
678.056	68.330	16.858
687.919	68.328	17.609
697.925	68.328	18.374
708.076	68.329	19.152
718.376	68.333	19.944
728.825	68.338	20.752
739.426	68.347	21.576
750.181	68.358	22.415
761.093	68.372	23.269
772.163	68.389	24.138
783.394	68.409	25.023
794.789	68.432	25.924
806.349	68.459	26.842
818.078	68.490	27.776
829.977	68.525	28.727
842.050	68.565	29.693
854.297	68.610	30.676
866.724	68.660	31.672
879.330	68.717	32.681
892.120	68.779	33.700
905.097	68.847	34.728
918.262	68.921	35.762
931.618	69.003	36.798
945.169	69.091	37.836
958.917	69.188	38.871
972.864	69.293	39.901
987.015	69.407	40.922
1001.371	69.529	41.928
1015.937	69.660	42.914
1030.714	69.799	43.874
1045.706	69.947	44.801
1060.916	70.102	45.690
1076.347	70.265	46.534
1092.003	70.435	47.330
1107.887	70.611	48.070
1124.001	70.791	48.751
1140.350	70.976	49.370
1156.937	71.163	49.925
1173.765	71.352	50.417
1190.838	71.542	50.846
1208.159	71.731	51.216
1225.732	71.920	51.526
1243.561	72.107	51.777
1261.649	72.291	51.971
1280.000	72.471	52.113
1298.618	72.646	52.208
1317.507	72.815	52.266
1336.670	72.978	52.295
1356.113	73.134	52.310
1375.838	73.283	52.325
1395.850	73.428	52.355
1416.153	73.571	52.412
1436.751	73.715	52.499
1457.649	73.863	52.605
1478.851	74.016	52.715
1500.362	74.175	52.812
1522.185	74.338	52.886
1544.326	74.505	52.934
1566.789	74.674	52.954
1589.578	74.847	52.945
1612.699	75.022	52.905
1636.156	75.201	52.832
1659.955	75.383	52.723
1684.099	75.568	52.572
1708.595	75.757	52.374
1733.447	75.949	52.122
1758.661	76.144	51.811
1784.241	76.341	51.433
1810.193	76.540	50.982
1836.523	76.739	50.450
1863.236	76.938	49.831
1890.338	77.135	49.119
1917.833	77.329	48.309
1945.729	77.517	47.396
1974.030	77.698	46.378
2002.743	77.870	45.253
2031.873	78.029	44.022
2061.428	78.174	42.689
2091.412	78.302	41.261
2121.832	78.411	39.747
2152.695	78.498	38.161
2184.007	78.561	36.522
2215.774	78.599	34.849
2248.003	78.609	33.167
2280.701	78.590	31.503
2313.874	78.544	29.888
2347.530	78.470	28.352
2381.676	78.370	26.929
2416.318	78.246	25.650
2451.464	78.103	24.543
2487.122	77.946	23.626
2523.298	77.781	22.903
2560.000	77.614	22.366
2597.236	77.448	21.999
2635.014	77.286	21.792
2673.341	77.131	21.742
2712.226	76.987	21.849
2751.676	76.861	22.092
2791.700	76.759	22.423
2832.306	76.681	22.778
2873.503	76.623	23.101
2915.299	76.577	23.365
2957.703	76.536	23.576
3000.724	76.494	23.758
3044.370	76.450	23.942
3088.652	76.405	24.150
3133.577	76.360	24.397
3179.156	76.317	24.693
3225.398	76.279	25.042
3272.312	76.246	25.446
3319.909	76.222	25.908
3368.198	76.210	26.428
3417.190	76.213	26.998
3466.894	76.237	27.597
3517.321	76.285	28.188
3568.482	76.358	28.723
3620.387	76.453	29.155
3673.046	76.564	29.443
3726.472	76.686	29.561
3780.675	76.812	29.497
3835.666	76.934	29.250
3891.457	77.045	28.833
3948.060	77.140	28.276
4005.486	77.212	27.628
4063.747	77.262	26.952
4122.855	77.292	26.316
4182.824	77.312	25.772
4243.664	77.335	25.332
4305.390	77.373	24.958
4368.013	77.433	24.570
4431.547	77.517	24.074
4496.005	77.616	23.389
4561.401	77.723	22.454
4627.749	77.823	21.240
4695.061	77.906	19.736
4763.352	77.959	17.957
4832.637	77.971	15.946
4902.929	77.932	13.774
4974.244	77.836	11.532
5046.596	77.683	9.316
5120.000	77.475	7.209
5194.472	77.219	5.275
5270.027	76.918	3.561
5346.682	76.577	2.111
5424.451	76.202	0.977
5503.352	75.800	0.210
5583.399	75.384	-0.156
5664.612	74.970	-0.135
5747.006	74.575	0.188
5830.598	74.206	0.705
5915.406	73.854	1.366
6001.447	73.513	2.202
6088.740	73.182	3.268
6177.303	72.870	4.588
6267.154	72.587	6.144
6358.312	72.343	7.897
6450.796	72.145	9.807
6544.625	71.996	11.836
6639.818	71.901	13.948
6736.397	71.867	16.106
6834.380	71.900	18.268
6933.789	72.008	20.381
7034.643	72.199	22.374
7136.964	72.482	24.156
7240.773	72.863	25.600
7346.093	73.345	26.546
7452.944	73.921	26.785
7561.350	74.567	26.049
7671.332	75.243	24.033
7782.915	75.888	20.439
7896.120	76.427	15.090
8010.971	76.784	8.061
8127.493	76.896	-0.226
8245.711	76.724	-9.029
8365.647	76.260	-17.471
8487.328	75.526	-24.787
8610.779	74.566	-30.489
8736.026	73.442	-34.414
8863.095	72.223	-36.650
8992.011	70.974	-37.429
9122.803	69.755	-37.036
9255.497	68.609	-35.742
9390.121	67.562	-33.773
9526.704	66.627	-31.306
9665.273	65.808	-28.471
9805.857	65.103	-25.361
9948.487	64.509	-22.041
10093.191	64.028	-18.560
10240.000	63.661	-14.953
10388.944	63.420	-11.244
10540.055	63.328	-7.452
10693.363	63.425	-3.611
10848.902	63.775	0.197
11006.703	64.456	3.778
11166.799	65.512	6.723
11329.224	66.890	8.307
11494.012	68.428	7.473
11661.195	69.910	3.057
11830.812	71.143	-5.722
12002.895	71.987	-18.735
12177.480	72.358	-34.757
12354.606	72.227	-51.797
12534.309	71.608	-67.763
12716.624	70.565	-81.137
12901.592	69.197	-91.322
13089.250	67.637	-98.550
13279.637	66.032	-103.522
13472.794	64.522	-107.031
13668.760	63.213	-109.737
13867.577	62.167	-112.099
14069.285	61.415	-114.444
14273.928	60.987	-117.070
14481.547	60.932	-120.346
14692.186	61.294	-124.797
14905.889	62.068	-131.204
15122.700	63.138	-140.686
15342.664	64.285	-154.627
15565.829	65.245	-174.205
15792.239	65.780	160.516
16021.942	65.720	131.337
16254.986	64.993	101.463
16491.422	63.624	73.784
16731.295	61.716	49.439
16974.656	59.417	27.792
17221.559	56.905	7.342
17472.053	54.369	-13.493
17726.189	51.982	-36.062
17984.021	49.868	-61.507
18245.605	48.071	-90.870
18510.994	46.555	-125.114
18780.242	45.238	-164.896
19053.408	44.014	150.116
19330.547	42.794	102.497
19611.715	41.581	58.371
19896.975	40.592	27.120
