* Measurement data measured by REW V5.20
* Source: USB-C to 3.5mm Headphone Jack Adapter, USB-C to 3.5mm Headphone Jack Adapter, 0, volume: 0.663. Timing signal peak level -5.0 dBFS, measurement signal peak level -3.5 dBFS
* Format: 256k Log Swept Sine, 1 sweep at -12.0 dBFS using an acoustic timing reference
* Dated: Mar 27, 2021 11:25:38 AM
* REW Settings:
*  C-weighting compensation: Off
*  Target level: 75.0 dB
* Note: Delay -0.0256 ms (-8.8 mm, -0.35 in) using estimated IR delay relative to Acoustic reference on USB-C to 3.5mm Headphone Jack Adapter L with no timing offset
* Measurement: Tenhz P4 Pro
* Smoothing: 1/12 octave
* Frequency Step: 1/48 octave
* Start Frequency: 20.300 Hz
*
* Freq(Hz)	SPL(dB)	Phase(degrees)
20.299999	107.635323	52.9241
20.600000	107.660004	52.6694
20.900000	107.724510	52.0554
21.200001	107.790092	51.3558
21.400000	107.829140	50.8817
21.799999	107.893936	49.9707
22.000000	107.920639	49.5470
22.400000	107.967117	48.7648
22.700001	107.999687	48.2219
23.000000	108.032143	47.6976
23.299999	108.064957	47.1769
23.600000	108.097908	46.6512
24.000000	108.141609	45.9425
24.299999	108.174469	45.4110
24.700001	108.219147	44.7102
25.000000	108.253502	44.1920
25.400000	108.299782	43.5099
25.799999	108.344719	42.8390
26.200001	108.386566	42.1857
26.500000	108.415604	41.7126
26.900000	108.451790	41.1080
27.200001	108.477608	40.6735
27.600000	108.510849	40.1136
28.000000	108.542679	39.5689
28.500000	108.579887	38.9021
29.000000	108.614601	38.2495
29.500000	108.648788	37.6098
30.000000	108.684761	36.9765
30.400000	108.715149	36.4709
30.700001	108.738342	36.0934
31.100000	108.768814	35.5974
31.500000	108.797737	35.1176
32.000000	108.830978	34.5482
32.500000	108.861168	34.0076
33.000000	108.888550	33.4783
33.500000	108.913055	32.9454
34.000000	108.934837	32.4090
34.500000	108.954773	31.8809
35.000000	108.974052	31.3742
35.500000	108.993027	30.8953
36.000000	109.011276	30.4436
36.500000	109.028488	30.0144
37.000000	109.045387	29.5991
37.500000	109.063087	29.1858
38.200001	109.089417	28.5975
38.700001	109.108139	28.1772
39.500000	109.136559	27.5370
40.000000	109.153633	27.1579
40.599998	109.172646	26.7046
41.200001	109.188232	26.2414
41.799999	109.200562	25.7784
42.500000	109.214867	25.2585
43.099998	109.229584	24.8315
43.700001	109.245201	24.4165
44.400002	109.261391	23.9499
45.000000	109.272858	23.5689
45.500000	109.281319	23.2648
46.200001	109.292862	22.8602
46.799999	109.303825	22.5310
47.500000	109.318611	22.1507
48.200001	109.333382	21.7508
48.700001	109.342392	21.4522
49.400002	109.353493	21.0351
50.000000	109.363739	20.6920
50.799999	109.379196	20.2572
51.500000	109.391510	19.8923
52.200001	109.400909	19.5368
53.000000	109.409821	19.1355
53.799999	109.419685	18.7397
54.500000	109.429672	18.4027
55.200001	109.439369	18.0730
56.000000	109.448334	17.7031
57.000000	109.458626	17.2741
58.000000	109.471390	16.9429
59.000000	109.487236	16.7186
60.000000	109.501694	16.4287
60.799999	109.504364	16.0508
61.500000	109.500404	15.6568
62.200001	109.496513	15.2717
63.000000	109.496727	14.8834
64.000000	109.501152	14.4706
65.000000	109.505692	14.0992
66.000000	109.510475	13.7400
67.000000	109.515511	13.3953
68.000000	109.519501	13.0686
69.000000	109.521843	12.7515
70.000000	109.523239	12.4398
71.000000	109.524330	12.1341
72.000000	109.525536	11.8320
73.000000	109.527283	11.5305
74.000000	109.529640	11.2336
75.000000	109.532120	10.9470
76.199997	109.534348	10.6134
77.500000	109.535370	10.2596
78.800003	109.535385	9.9216
80.000000	109.534302	9.6257
81.199997	109.532120	9.3330
82.500000	109.529327	9.0118
83.800003	109.526978	8.6971
85.000000	109.525635	8.4173
86.199997	109.524857	8.1452
87.500000	109.523773	7.8600
88.500000	109.522293	7.6468
90.000000	109.519325	7.3314
91.199997	109.516953	7.0815
92.500000	109.514290	6.8160
93.800003	109.511093	6.5569
95.000000	109.507767	6.3215
96.199997	109.504395	6.0902
97.500000	109.500481	5.8464
98.800003	109.496132	5.6111
100.000000	109.492241	5.4013
101.500000	109.488007	5.1471
103.000000	109.483665	4.8959
104.400002	109.479477	4.6614
106.000000	109.475014	4.3960
107.500000	109.470703	4.1479
109.000000	109.465523	3.9010
110.599998	109.458923	3.6444
112.000000	109.452629	3.4257
113.800003	109.443504	3.1432
115.000000	109.435555	2.9474
117.199997	109.413712	2.5675
118.000000	109.403831	2.4274
120.599998	109.381134	2.0302
122.000000	109.379959	1.8675
124.099998	109.380760	1.6404
125.000000	109.379150	1.5377
126.500000	109.373634	1.3591
128.000000	109.365883	1.1764
131.500000	109.344124	0.7593
132.000000	109.340881	0.7018
134.000000	109.327827	0.4773
136.000000	109.314720	0.2645
138.000000	109.302170	0.0610
140.000000	109.290283	-0.1382
143.000000	109.274178	-0.4324
145.000000	109.264160	-0.6325
147.500000	109.250763	-0.8871
150.000000	109.236481	-1.1443
152.500000	109.220604	-1.4082
155.000000	109.202431	-1.6685
157.500000	109.183403	-1.9131
160.000000	109.164604	-2.1488
162.500000	109.144798	-2.3825
165.000000	109.122421	-2.6054
167.500000	109.098221	-2.8079
170.000000	109.074081	-2.9907
172.500000	109.051064	-3.1622
175.000000	109.029221	-3.3297
177.500000	109.007790	-3.4933
180.000000	108.985497	-3.6476
182.500000	108.961617	-3.7869
185.000000	108.936668	-3.9086
187.500000	108.911575	-4.0093
190.000000	108.887238	-4.0837
192.500000	108.864944	-4.1301
195.000000	108.846481	-4.1549
197.500000	108.833733	-4.1741
200.000000	108.827850	-4.2112
203.000000	108.829208	-4.3144
206.000000	108.835472	-4.5019
209.000000	108.839622	-4.7583
212.000000	108.835197	-5.0441
214.000000	108.826172	-5.2341
218.000000	108.796684	-5.5912
220.000000	108.778648	-5.7544
224.000000	108.739906	-6.0452
227.000000	108.709610	-6.2354
230.000000	108.678932	-6.4084
233.000000	108.648140	-6.5718
236.000000	108.617508	-6.7301
240.000000	108.577911	-6.9147
243.000000	108.549530	-7.0181
247.000000	108.512947	-7.1328
250.000000	108.486084	-7.2196
254.000000	108.451012	-7.3381
258.000000	108.416718	-7.4562
262.000000	108.382751	-7.5746
265.000000	108.357178	-7.6637
269.000000	108.322609	-7.7827
272.000000	108.296143	-7.8716
276.000000	108.260078	-7.9860
280.000000	108.223434	-8.0907
285.000000	108.177002	-8.2049
290.000000	108.129662	-8.3001
295.000000	108.081970	-8.3723
300.000000	108.034836	-8.4303
304.000000	107.997803	-8.4774
307.000000	107.970291	-8.5107
311.000000	107.933838	-8.5460
315.000000	107.897820	-8.5698
320.000000	107.853928	-8.5863
325.000000	107.811279	-8.5919
330.000000	107.769646	-8.5905
335.000000	107.729294	-8.5847
340.000000	107.690201	-8.5750
345.000000	107.651611	-8.5615
350.000000	107.612946	-8.5447
355.000000	107.574211	-8.5238
360.000000	107.535843	-8.4978
365.000000	107.498352	-8.4649
370.000000	107.461853	-8.4236
375.000000	107.426422	-8.3766
382.000000	107.378723	-8.3103
387.000000	107.345444	-8.2671
395.000000	107.291496	-8.2033
400.000000	107.256615	-8.1620
406.000000	107.213722	-8.1063
412.000000	107.170181	-8.0407
418.000000	107.126343	-7.9629
425.000000	107.074936	-7.8522
431.000000	107.030952	-7.7396
437.000000	106.987686	-7.6127
444.000000	106.938873	-7.4478
450.000000	106.898911	-7.2942
455.000000	106.867088	-7.1608
462.000000	106.824791	-6.9728
468.000000	106.790260	-6.8142
475.000000	106.750992	-6.6314
482.000000	106.711868	-6.4435
487.000000	106.683807	-6.3020
494.000000	106.644531	-6.0914
500.000000	106.611328	-5.8984
508.000000	106.569000	-5.6257
515.000000	106.534912	-5.3805
522.000000	106.503876	-5.1380
530.000000	106.471001	-4.8730
538.000000	106.439018	-4.6259
545.000000	106.410637	-4.4212
552.000000	106.380867	-4.2189
560.000000	106.344437	-3.9788
570.000000	106.296501	-3.6529
580.000000	106.248550	-3.2940
590.000000	106.202026	-2.9032
600.000000	106.157364	-2.4854
608.000000	106.123177	-2.1362
615.000000	106.094658	-1.8210
622.000000	106.067612	-1.4971
630.000000	106.038498	-1.1166
640.000000	106.004440	-0.6260
650.000000	105.972870	-0.1200
660.000000	105.944366	0.3999
670.000000	105.919342	0.9328
680.000000	105.897537	1.4778
690.000000	105.878769	2.0338
700.000000	105.863098	2.6007
710.000000	105.850441	3.1787
720.000000	105.840683	3.7673
730.000000	105.833961	4.3646
740.000000	105.830673	4.9698
750.000000	105.831078	5.5832
762.000000	105.836296	6.3304
775.000000	105.847687	7.1521
788.000000	105.865654	7.9860
800.000000	105.888351	8.7639
812.000000	105.916649	9.5475
825.000000	105.953613	10.4016
838.000000	105.997665	11.2589
850.000000	106.045090	12.0511
862.000000	106.099068	12.8426
875.000000	106.165024	13.6974
885.000000	106.221054	14.3512
900.000000	106.313255	15.3208
912.000000	106.393906	16.0820
925.000000	106.488800	16.8903
938.000000	106.592003	17.6797
950.000000	106.694450	18.3887
962.000000	106.803421	19.0754
975.000000	106.928612	19.7907
988.000000	107.061226	20.4732
1000.000000	107.190140	21.0714
1015.000000	107.359634	21.7708
1030.000000	107.537796	22.4108
1044.000000	107.711189	22.9503
1060.000000	107.916870	23.4953
1075.000000	108.116173	23.9349
1090.000000	108.320824	24.3039
1106.000000	108.544220	24.6173
1120.000000	108.743332	24.8216
1138.000000	109.003265	24.9860
1150.000000	109.178444	25.0329
1172.000000	109.502296	24.9897
1180.000000	109.620590	24.9330
1206.000000	110.005844	24.5969
1220.000000	110.213211	24.3187
1241.000000	110.523003	23.7727
1250.000000	110.654984	23.4913
1265.000000	110.873550	22.9586
1280.000000	111.089844	22.3450
1315.000000	111.581566	20.5858
1320.000000	111.649879	20.2958
1340.000000	111.916908	19.0365
1360.000000	112.171875	17.6154
1380.000000	112.411469	16.0313
1400.000000	112.631866	14.2872
1430.000000	112.917366	11.3906
1450.000000	113.071526	9.2960
1475.000000	113.217087	6.5380
1500.000000	113.305870	3.6873
1525.000000	113.335999	0.8215
1550.000000	113.308517	-1.9835
1575.000000	113.226860	-4.6626
1600.000000	113.095413	-7.1612
1625.000000	112.918671	-9.4277
1650.000000	112.701828	-11.4077
1675.000000	112.452187	-13.0455
1700.000000	112.180222	-14.2910
1725.000000	111.899757	-15.1118
1750.000000	111.626900	-15.5035
1775.000000	111.378746	-15.4960
1800.000000	111.171562	-15.1530
1825.000000	111.018784	-14.5685
1850.000000	110.929131	-13.8608
1875.000000	110.904907	-13.1618
1900.000000	110.940819	-12.6036
1925.000000	111.024216	-12.3018
1950.000000	111.136826	-12.3388
1975.000000	111.257660	-12.7526
2000.000000	111.366394	-13.5334
2030.000000	111.457214	-14.8759
2060.000000	111.486588	-16.5146
2090.000000	111.446259	-18.2697
2120.000000	111.338043	-19.9735
2140.000000	111.232353	-21.0145
2180.000000	110.957130	-22.7495
2200.000000	110.795914	-23.4143
2240.000000	110.446678	-24.3181
2270.000000	110.175156	-24.6388
2300.000000	109.905792	-24.6832
2330.000000	109.645325	-24.4843
2360.000000	109.398605	-24.0762
2400.000000	109.096817	-23.2633
2430.000000	108.893661	-22.4906
2470.000000	108.656151	-21.2920
2500.000000	108.503822	-20.2956
2540.000000	108.335358	-18.8738
2580.000000	108.205894	-17.3816
2620.000000	108.113983	-15.8517
2650.000000	108.068527	-14.6970
2690.000000	108.037231	-13.1696
2720.000000	108.034164	-12.0482
2760.000000	108.054344	-10.6052
2800.000000	108.098244	-9.2395
2850.000000	108.178726	-7.6600
2900.000000	108.277496	-6.2251
2950.000000	108.384003	-4.9050
3000.000000	108.491119	-3.6282
3040.000000	108.577728	-2.5699
3070.000000	108.646881	-1.7209
3110.000000	108.753174	-0.4892
3150.000000	108.887878	0.8562
3200.000000	109.116455	2.6300
3250.000000	109.427490	4.3427
3300.000000	109.820541	5.7685
3350.000000	110.275795	6.6885
3400.000000	110.759270	6.9465
3450.000000	111.231339	6.4888
3500.000000	111.655792	5.3813
3550.000000	112.008072	3.7977
3600.000000	112.280708	1.9726
3650.000000	112.483597	0.1251
3700.000000	112.637634	-1.6111
3750.000000	112.764832	-3.2118
3820.000000	112.922585	-5.3411
3870.000000	113.022247	-6.8925
3950.000000	113.138077	-9.5466
4000.000000	113.169205	-11.2939
4060.000000	113.155434	-13.3986
4120.000000	113.085022	-15.4110
4180.000000	112.963440	-17.2364
4250.000000	112.769775	-19.0455
4310.000000	112.572334	-20.2909
4370.000000	112.357620	-21.2580
4440.000000	112.098587	-22.0670
4500.000000	111.879280	-22.5280
4550.000000	111.704254	-22.7797
4620.000000	111.477814	-22.9788
4680.000000	111.304764	-23.0506
4750.000000	111.128014	-23.0722
4820.000000	110.974449	-23.0773
4870.000000	110.874908	-23.0946
4940.000000	110.742714	-23.1593
5000.000000	110.629562	-23.2586
5080.000000	110.468704	-23.4428
5150.000000	110.310555	-23.6218
5220.000000	110.130363	-23.7720
5300.000000	109.893387	-23.8392
5380.000000	109.621765	-23.7099
5450.000000	109.356483	-23.3535
5520.000000	109.069534	-22.6706
5600.000000	108.733910	-21.3484
5700.000000	108.376785	-18.8433
5800.000000	108.180252	-15.8970
5900.000000	108.150864	-13.2778
6000.000000	108.216064	-11.5324
6080.000000	108.262695	-10.9095
6150.000000	108.250656	-10.8274
6220.000000	108.162384	-10.9487
6300.000000	107.960419	-10.9840
6400.000000	107.586655	-10.3719
6500.000000	107.150047	-8.7293
6600.000000	106.731781	-6.0839
6700.000000	106.392120	-2.6586
6800.000000	106.165390	1.2862
6900.000000	106.067955	5.5217
7000.000000	106.107994	9.8549
7100.000000	106.291153	14.1061
7200.000000	106.621140	18.0855
7300.000000	107.097137	21.5743
7400.000000	107.707939	24.3057
7500.000000	108.424057	25.9518
7620.000000	109.342957	25.9723
7750.000000	110.248825	22.9856
7880.000000	110.844223	16.8072
8000.000000	110.956802	9.2594
8120.000000	110.587013	1.7360
8250.000000	109.692574	-4.3264
8380.000000	108.429085	-6.8905
8500.000000	107.095085	-5.7381
8620.000000	105.778702	-1.1781
8750.000000	104.693954	7.1273
8850.000000	104.392975	14.7595
9000.000000	104.919800	24.4510
9120.000000	105.674042	28.0632
9250.000000	106.294785	28.0595
9380.000000	106.609291	26.2226
9500.000000	106.727760	24.2931
9620.000000	106.785477	22.3306
9750.000000	106.816711	19.6905
9880.000000	106.761734	16.0485
10000.000000	106.547256	11.8485
10150.000000	105.954857	6.3640
10300.000000	104.967163	2.1426
10440.000000	103.742355	0.5121
10600.000000	102.117645	2.0037
10750.000000	100.533882	6.6704
10900.000000	99.082001	14.0907
11060.000000	97.936813	24.0197
11200.000000	97.453079	33.2156
11380.000000	97.558777	44.0107
11500.000000	97.962303	49.8324
11720.000000	99.003868	56.7083
11800.000000	99.394516	57.9280
12060.000000	100.421577	57.7740
12200.000000	100.735207	55.8655
12410.000000	100.860031	52.3035
12500.000000	100.804825	50.9347
12650.000000	100.613968	49.2440
12800.000000	100.361649	48.4620
13150.000000	99.942802	49.8443
13200.000000	99.938957	50.2986
13400.000000	100.150131	52.3329
13600.000000	100.792404	54.0293
13800.000000	101.856033	54.1601
14000.000000	103.143341	51.1088
14300.000000	104.748344	37.9660
14500.000000	105.238548	24.6882
14750.000000	105.313202	6.8223
15000.000000	105.140839	-12.2685
15250.000000	104.544228	-33.6706
15500.000000	103.147293	-53.8240
15750.000000	101.004730	-68.4749
16000.000000	98.526764	-77.5131
16250.000000	96.225632	-83.5323
16500.000000	94.510788	-89.1365
16750.000000	93.550468	-96.0969
17000.000000	93.296959	-105.6631
17250.000000	93.586670	-119.0089
17500.000000	94.172806	-137.4180
17750.000000	94.739059	-161.9397
18000.000000	94.978088	167.4623
18250.000000	94.703293	132.3107
18500.000000	93.903152	94.5245
18750.000000	92.684311	54.9729
19000.000000	91.170769	13.5177
19250.000000	89.465645	-29.8228
19500.000000	87.677383	-73.2465
19750.000000	85.992821	-111.2569
